0 0 0
1800 5985 5174
3600 5991 5192
5400 6021 5218
7200 6023 5212
9000 6009 5202
10800 5992 5191
12600 6005 5206
14400 6000 5152
16200 5874 4419
18000 5481 4264
19800 5084 4107
21600 4716 3988
23400 4504 4083
25200 4465 4172
27000 4479 4183
28800 4511 4183
30600 4614 4316
32400 4619 4304
34200 4612 4344
36000 4564 4251
37800 4507 4214
39600 4468 4187
41400 4500 4199
43200 4545 4208
45000 4587 4254
46800 4582 4224
48600 4581 4282
50400 4554 4229
52200 4523 4222
54000 4496 4188
55800 4509 4191
57600 4570 4280
59400 4557 4278
61200 4582 4296
63000 4550 4244
64800 4551 4214
66600 4519 4228
68400 4512 4215
70200 4556 4240
72000 4552 4239
73800 4529 4246
75600 4598 4299
77400 4537 4228
79200 4516 4215
81000 4556 4257
82800 4537 4216
84600 4545 4213
86400 4538 4226
88200 4536 4239
90000 4574 4259
91800 4563 4276
93600 4540 4251
95400 4539 4279
97200 4546 4266
99000 4539 4198
100800 4553 4153
102600 4309 3558
104400 3901 3326
106200 3723 3391
108000 3623 3451
109800 3663 3480
111600 3668 3483
113400 3655 3491
115200 3662 3512
117000 3630 3469
118800 3642 3500
120600 3635 3474
122400 3654 3496
124200 3676 3524
126000 3697 3544
127800 3671 3524
129600 3629 3464
131400 3630 3483
133200 3554 3335
135000 3634 3358
136800 3623 3311
138600 3669 3291
140400 3658 3303
142200 3635 3316
144000 3591 3372
145800 3569 3380
147600 3582 3405
149400 3573 3418
151200 3612 3406
153000 3588 3350
154800 3603 3412
156600 3564 3397
158400 3583 3428
160200 3575 3434
162000 3585 3420
163800 3599 3420
165600 3670 3517
167400 3639 3473
169200 3642 3496
171000 3592 3440
172800 3595 3463
174600 3549 3393
176400 3593 3427
178200 3563 3441
180000 3616 3464
181800 3562 3402
183600 3601 3471
185400 3552 3394
187200 3605 3463
189000 3558 3401
190800 3604 3447
192600 3609 3455
194400 3660 3491
196200 3640 3468
198000 3600 3445
199800 3632 3467
201600 3566 3417
203400 3601 3459
205200 3564 3401
207000 3593 3461
208800 3568 3412
210600 3583 3435
212400 3595 3448
214200 3600 3437
216000 3586 3427
217800 3577 3421
219600 3605 3450
221400 3593 3440
223200 3639 3491
225000 3645 3503
226800 3607 3491
228600 3626 3467
230400 3575 3429
232200 3589 3462
234000 3572 3422
235800 3593 3433
237600 3578 3446
239400 3581 3445
241200 3580 3423
243000 3598 3453
244800 3573 3419
246600 3611 3488
248400 3596 3438
250200 3596 3453
252000 3601 3452
253800 3652 3481
255600 3589 3442
257400 3610 3463
259200 3596 3439
261000 3603 3467
262800 3581 3432
264600 3604 3473
266400 3569 3431
268200 3594 3450
270000 3565 3426
271800 3583 3418
273600 3625 3480
275400 3606 3432
277200 3612 3485
279000 3578 3423
280800 3602 3456
282600 3574 3430
284400 3640 3496
286200 3600 3453
288000 3643 3493
289800 3582 3471
291600 3600 3455
293400 3556 3390
295200 3576 3444
297000 3585 3437
298800 3584 3412
300600 3596 3455
302400 3615 3484
304200 3612 3447
306000 3588 3438
307800 3587 3436
309600 3596 3440
311400 3568 3435
313200 3647 3488
315000 3622 3464
316800 3628 3473
318600 3591 3414
320400 3599 3231
322200 3729 3348
324000 3784 3416
325800 3863 3530
327600 3921 3660
329400 3960 3694
331200 3966 3769
333000 3955 3745
334800 3931 3755
336600 3964 3792
338400 3937 3742
340200 3952 3759
342000 3965 3768
343800 3985 3784
345600 3978 3787
347400 3956 3776
349200 3938 3750
351000 3947 3692
352800 3916 3688
354600 3955 3631
356400 3945 3646
358200 3964 3670
360000 3947 3598
361800 3952 3650
363600 3916 3676
365400 3931 3756
367200 3937 3682
369000 3938 3712
370800 3935 3684
372600 3975 3603
374400 3959 3627
376200 3934 3656
378000 3951 3659
379800 3932 3687
381600 3925 3736
383400 3903 3728
385200 3943 3733
387000 3925 3744
388800 3926 3754
390600 3932 3740
392400 3919 3732
394200 3920 3729
396000 3904 3717
397800 3925 3727
399600 3911 3722
401400 3936 3761
403200 3921 3743
405000 3946 3740
406800 3935 3731
408600 3954 3745
410400 3955 3775
412200 3961 3794
414000 3924 3728
415800 3950 3753
417600 3940 3760
419400 3918 3747
421200 3953 3776
423000 3943 3747
424800 3942 3765
426600 3912 3724
428400 3920 3717
430200 3929 3735
432000 3964 3774
433800 3958 3761
435600 3941 3764
437400 3957 3762
439200 3934 3722
441000 3913 3711
442800 3917 3739
444600 3920 3740
446400 3917 3730
448200 3906 3729
450000 3934 3740
451800 3932 3735
453600 3931 3721
455400 3920 3729
457200 3914 3753
459000 3926 3730
460800 3935 3739
462600 3954 3770
464400 3964 3773
466200 3960 3767
468000 3937 3766
469800 3934 3739
471600 3914 3723
473400 3919 3726
475200 3952 3763
477000 3934 3747
478800 3942 3751
480600 3919 3745
482400 3917 3734
484200 3919 3734
486000 3937 3724
487800 3918 3740
489600 3957 3785
491400 3964 3779
493200 3961 3757
495000 3931 3751
496800 3940 3740
498600 3933 3735
500400 3933 3732
502200 3916 3727
504000 3941 3752
505800 3926 3733
507600 3915 3719
509400 3924 3730
511200 3925 3707
513000 3936 3768
514800 3934 3732
516600 3961 3757
518400 3960 3781
520200 3928 3724
522000 3941 3763
523800 3922 3735
525600 3927 3751
527400 3922 3729
529200 3961 3770
531000 3926 3745
532800 3915 3720
534600 3923 3747
536400 3927 3748
538200 3926 3727
540000 3931 3699
541800 3918 3726
543600 3932 3731
545400 3942 3715
547200 3919 3727
549000 3957 3749
550800 3967 3762
552600 3942 3750
554400 3960 3788
556200 3945 3734
558000 3911 3729
559800 3925 3734
561600 3924 3741
563400 3922 3725
565200 3936 3775
567000 3937 3743
568800 3931 3730
570600 3964 3745
572400 3942 3761
574200 3930 3737
576000 3933 3759
577800 3932 3751
579600 3927 3757
581400 3945 3758
583200 3949 3741
585000 3944 3761
586800 3919 3722
588600 3914 3725
590400 3914 3705
592200 3928 3727
