0 1 0 0 0 0 0 0 
1800 1 5985 5174 744 16 0 47 
3600 1 5991 5192 732 15 0 51 
5400 1 6021 5218 743 13 0 47 
7200 1 6023 5212 753 9 0 44 
9000 1 6009 5202 745 14 0 45 
10800 1 5992 5191 731 17 0 52 
12600 1 6005 5206 739 11 0 47 
14400 1 6000 5152 748 29 0 70 
16200 1 5874 4419 485 14 905 45 
18000 1 5481 4264 408 7 759 43 
19800 1 5084 4107 321 0 610 43 
21600 1 4716 3988 260 0 428 39 
23400 1 4504 4083 265 0 108 48 
25200 1 4465 4172 266 0 0 27 
27000 1 4479 4183 267 0 0 29 
28800 1 4511 4183 285 0 0 42 
30600 1 4614 4316 254 0 0 44 
32400 1 4619 4304 275 0 0 39 
34200 1 4612 4344 232 0 0 35 
36000 1 4564 4251 272 0 0 40 
37800 1 4507 4214 255 0 0 37 
39600 1 4468 4187 238 0 0 42 
41400 1 4500 4199 241 1 3 55 
43200 1 4545 4208 266 0 32 39 
45000 1 4587 4254 275 1 17 40 
46800 1 4582 4224 285 0 30 41 
48600 1 4581 4282 235 0 26 38 
50400 1 4554 4229 265 0 14 44 
52200 1 4523 4222 268 0 0 33 
54000 1 4496 4188 254 1 0 52 
55800 1 4509 4191 268 0 0 49 
57600 1 4570 4280 258 0 1 31 
59400 1 4557 4278 246 0 0 33 
61200 1 4582 4296 250 0 3 32 
63000 1 4550 4244 270 0 4 30 
64800 1 4551 4214 291 0 0 44 
66600 1 4519 4228 253 0 0 36 
68400 1 4512 4215 251 0 0 45 
70200 1 4556 4240 272 0 0 42 
72000 1 4552 4239 272 0 0 39 
73800 1 4529 4246 250 0 0 32 
75600 1 4598 4299 266 0 0 33 
77400 1 4537 4228 265 0 5 38 
79200 1 4516 4215 264 0 3 34 
81000 1 4556 4257 270 0 0 29 
82800 1 4537 4216 291 0 0 30 
84600 1 4545 4213 288 0 0 44 
86400 1 4538 4226 274 0 0 38 
88200 1 4536 4239 258 0 0 38 
90000 1 4574 4259 280 0 0 34 
91800 1 4563 4276 244 0 0 42 
93600 1 4540 4251 254 0 0 35 
95400 1 4539 4279 235 0 0 25 
97200 1 4546 4266 246 0 0 33 
99000 1 4539 4198 295 0 0 45 
100800 1 4553 4153 247 0 105 47 
102600 1 4309 3558 183 0 533 34 
104400 1 3901 3326 149 0 397 28 
106200 1 3723 3391 131 0 171 30 
108000 1 3623 3451 117 0 18 36 
109800 1 3663 3480 126 0 27 29 
111600 1 3668 3483 136 0 12 36 
113400 1 3655 3491 126 0 11 26 
115200 1 3662 3512 120 0 0 30 
117000 1 3630 3469 125 0 0 36 
118800 1 3642 3500 113 0 0 28 
120600 1 3635 3474 126 0 0 33 
122400 1 3654 3496 130 0 0 28 
124200 1 3676 3524 125 0 0 26 
126000 1 3697 3544 120 0 0 32 
127800 1 3671 3524 115 0 0 32 
129600 1 3629 3464 125 0 0 40 
131400 1 3630 3483 114 0 0 33 
133200 1 3554 3335 107 0 85 26 
135000 1 3634 3358 93 0 160 23 
136800 1 3623 3311 109 0 172 31 
138600 1 3669 3291 120 0 230 28 
140400 1 3658 3303 124 1 206 23 
142200 1 3635 3316 125 0 164 30 
144000 1 3591 3372 98 0 90 29 
145800 1 3569 3380 120 0 42 26 
147600 1 3582 3405 119 0 31 27 
149400 1 3573 3418 99 0 23 33 
151200 1 3612 3406 106 0 66 33 
153000 1 3588 3350 124 0 88 26 
154800 1 3603 3412 107 0 61 23 
156600 1 3564 3397 98 0 34 34 
158400 1 3583 3428 122 0 7 26 
160200 1 3575 3434 112 0 0 29 
162000 1 3585 3420 131 0 4 30 
163800 1 3599 3420 144 0 5 30 
165600 1 3670 3517 112 0 10 30 
167400 1 3639 3473 121 0 11 34 
169200 1 3642 3496 113 0 6 26 
171000 1 3592 3440 108 0 9 33 
172800 1 3595 3463 107 0 0 24 
174600 1 3549 3393 116 0 0 40 
176400 1 3593 3427 130 0 0 36 
178200 1 3563 3441 94 0 0 27 
180000 1 3616 3464 124 0 0 27 
181800 1 3562 3402 129 0 0 31 
183600 1 3601 3471 102 0 0 28 
185400 1 3552 3394 133 0 0 25 
187200 1 3605 3463 110 0 3 26 
189000 1 3558 3401 123 0 0 33 
190800 1 3604 3447 125 0 5 27 
192600 1 3609 3455 120 0 0 34 
194400 1 3660 3491 122 0 11 36 
196200 1 3640 3468 137 0 11 24 
198000 1 3600 3445 120 0 6 28 
199800 1 3632 3467 122 0 11 32 
201600 1 3566 3417 118 0 5 26 
203400 1 3601 3459 105 0 0 36 
205200 1 3564 3401 129 0 2 31 
207000 1 3593 3461 103 0 0 29 
208800 1 3568 3412 122 0 3 30 
210600 1 3583 3435 123 0 2 22 
212400 1 3595 3448 120 0 0 27 
214200 1 3600 3437 135 0 3 25 
216000 1 3586 3427 135 0 0 24 
217800 1 3577 3421 128 0 0 27 
219600 1 3605 3450 121 0 0 34 
221400 1 3593 3440 118 0 3 32 
223200 1 3639 3491 118 0 0 30 
225000 1 3645 3503 113 0 0 29 
226800 1 3607 3491 93 0 0 23 
228600 1 3626 3467 128 0 0 31 
230400 1 3575 3429 113 0 0 32 
232200 1 3589 3462 101 0 3 22 
234000 1 3572 3422 124 0 0 26 
235800 1 3593 3433 132 0 0 27 
237600 1 3578 3446 109 0 0 22 
239400 1 3581 3445 108 0 0 27 
241200 1 3580 3423 120 0 0 37 
243000 1 3598 3453 117 0 4 24 
244800 1 3573 3419 118 0 0 35 
246600 1 3611 3488 95 0 0 28 
248400 1 3596 3438 127 0 0 31 
250200 1 3596 3453 116 0 0 27 
252000 1 3601 3452 116 0 0 32 
253800 1 3652 3481 147 0 0 24 
255600 1 3589 3442 109 0 0 37 
257400 1 3610 3463 125 0 0 22 
259200 1 3596 3439 130 0 0 27 
261000 1 3603 3467 111 0 0 25 
262800 1 3581 3432 116 0 0 33 
264600 1 3604 3473 112 0 0 19 
266400 1 3569 3431 112 0 0 26 
268200 1 3594 3450 116 0 0 28 
270000 1 3565 3426 108 0 0 31 
271800 1 3583 3418 139 0 0 23 
273600 1 3625 3480 113 0 0 32 
275400 1 3606 3432 145 0 0 28 
277200 1 3612 3485 101 0 0 26 
279000 1 3578 3423 128 0 0 27 
280800 1 3602 3456 117 0 0 28 
282600 1 3574 3430 118 0 3 23 
284400 1 3640 3496 125 0 0 18 
286200 1 3600 3453 112 0 0 33 
288000 1 3643 3493 118 0 0 31 
289800 1 3582 3471 92 0 0 19 
291600 1 3600 3455 110 0 0 35 
293400 1 3556 3390 130 0 0 34 
295200 1 3576 3444 106 0 0 25 
297000 1 3585 3437 122 0 0 26 
298800 1 3584 3412 127 0 0 42 
300600 1 3596 3455 118 0 0 23 
302400 1 3615 3484 104 0 0 27 
304200 1 3612 3447 132 0 0 30 
306000 1 3588 3438 129 0 0 21 
307800 1 3587 3436 110 0 0 41 
309600 1 3596 3440 127 0 0 29 
311400 1 3568 3435 103 0 0 30 
313200 1 3647 3488 123 0 0 36 
315000 1 3622 3464 127 0 0 31 
316800 1 3628 3473 122 0 0 33 
318600 1 3591 3414 147 0 0 30 
320400 1 3599 3231 106 0 232 30 
322200 1 3729 3348 88 0 256 37 
324000 1 3784 3416 141 0 188 39 
325800 1 3863 3530 113 0 183 35 
327600 1 3921 3660 135 0 94 31 
329400 1 3960 3694 144 0 92 30 
331200 1 3966 3769 136 0 24 37 
333000 1 3955 3745 146 0 28 36 
334800 1 3931 3755 148 0 0 28 
336600 1 3964 3792 127 0 16 27 
338400 1 3937 3742 166 0 4 25 
340200 1 3952 3759 160 0 3 28 
342000 1 3965 3768 157 0 1 37 
343800 1 3985 3784 167 0 0 34 
345600 1 3978 3787 160 0 0 31 
347400 1 3956 3776 146 0 0 34 
349200 1 3938 3750 153 0 0 35 
351000 1 3947 3692 139 0 79 36 
352800 1 3916 3688 148 0 48 31 
354600 1 3955 3631 155 0 136 31 
356400 1 3945 3646 144 0 117 38 
358200 1 3964 3670 140 0 124 30 
360000 1 3947 3598 172 0 134 43 
361800 1 3952 3650 160 0 105 35 
363600 1 3916 3676 147 0 60 32 
365400 1 3931 3756 135 0 15 24 
367200 1 3937 3682 169 0 58 28 
369000 1 3938 3712 149 0 51 24 
370800 1 3935 3684 147 0 76 28 
372600 1 3975 3603 148 0 172 52 
374400 1 3959 3627 135 0 165 30 
376200 1 3934 3656 166 0 85 25 
378000 1 3951 3659 150 0 104 37 
379800 1 3932 3687 185 0 26 33 
381600 1 3925 3736 149 0 15 25 
383400 1 3903 3728 133 0 8 33 
385200 1 3943 3733 164 0 15 31 
387000 1 3925 3744 132 0 10 38 
388800 1 3926 3754 125 0 13 33 
390600 1 3932 3740 158 0 1 33 
392400 1 3919 3732 147 0 7 31 
394200 1 3920 3729 153 0 2 36 
396000 1 3904 3717 148 0 5 34 
397800 1 3925 3727 165 0 4 28 
399600 1 3911 3722 153 0 12 24 
401400 1 3936 3761 143 0 11 21 
403200 1 3921 3743 132 0 25 21 
405000 1 3946 3740 163 0 20 23 
406800 1 3935 3731 144 0 23 36 
408600 1 3954 3745 165 0 4 40 
410400 1 3955 3775 142 0 0 38 
412200 1 3961 3794 139 0 0 28 
414000 1 3924 3728 162 0 0 33 
415800 1 3950 3753 151 0 9 37 
417600 1 3940 3760 152 0 0 28 
419400 1 3918 3747 143 0 0 27 
421200 1 3953 3776 133 0 3 40 
423000 1 3943 3747 169 0 0 25 
424800 1 3942 3765 154 0 0 23 
426600 1 3912 3724 163 0 0 25 
428400 1 3920 3717 171 0 0 32 
430200 1 3929 3735 158 0 0 35 
432000 1 3964 3774 150 0 5 35 
433800 1 3958 3761 158 0 5 34 
435600 1 3941 3764 139 0 4 33 
437400 1 3957 3762 151 0 0 41 
439200 1 3934 3722 179 0 0 32 
441000 1 3913 3711 175 0 0 26 
442800 1 3917 3739 151 0 0 26 
444600 1 3920 3740 147 0 0 31 
446400 1 3917 3730 164 0 0 23 
448200 1 3906 3729 139 0 0 36 
450000 1 3934 3740 154 0 0 38 
451800 1 3932 3735 165 0 0 31 
453600 1 3931 3721 168 0 0 41 
455400 1 3920 3729 159 0 0 32 
457200 1 3914 3753 134 0 0 27 
459000 1 3926 3730 165 0 0 31 
460800 1 3935 3739 159 0 8 29 
462600 1 3954 3770 148 0 2 33 
464400 1 3964 3773 142 0 9 40 
466200 1 3960 3767 152 0 7 34 
468000 1 3937 3766 148 0 0 22 
469800 1 3934 3739 167 0 0 27 
471600 1 3914 3723 152 0 6 32 
473400 1 3919 3726 161 0 0 32 
475200 1 3952 3763 148 0 0 41 
477000 1 3934 3747 156 0 3 28 
478800 1 3942 3751 163 0 0 28 
480600 1 3919 3745 138 0 5 29 
482400 1 3917 3734 152 0 0 31 
484200 1 3919 3734 140 0 0 42 
486000 1 3937 3724 183 0 0 29 
487800 1 3918 3740 153 0 0 25 
489600 1 3957 3785 128 0 10 32 
491400 1 3964 3779 148 0 2 33 
493200 1 3961 3757 169 0 1 33 
495000 1 3931 3751 134 0 0 46 
496800 1 3940 3740 170 0 5 24 
498600 1 3933 3735 163 0 0 35 
500400 1 3933 3732 165 0 0 36 
502200 1 3916 3727 155 0 0 34 
504000 1 3941 3752 151 0 0 38 
505800 1 3926 3733 167 0 0 25 
507600 1 3915 3719 160 0 0 36 
509400 1 3924 3730 159 0 0 35 
511200 1 3925 3707 182 0 0 35 
513000 1 3936 3768 134 0 0 34 
514800 1 3934 3732 169 0 0 33 
516600 1 3961 3757 170 0 0 34 
518400 1 3960 3781 155 0 4 18 
520200 1 3928 3724 162 0 0 42 
522000 1 3941 3763 151 0 0 27 
523800 1 3922 3735 151 0 0 35 
525600 1 3927 3751 148 0 0 28 
527400 1 3922 3729 145 0 0 48 
529200 1 3961 3770 168 0 0 22 
531000 1 3926 3745 145 0 0 36 
532800 1 3915 3720 165 0 0 29 
534600 1 3923 3747 139 0 0 36 
536400 1 3927 3748 155 0 0 24 
538200 1 3926 3727 152 0 0 45 
540000 1 3931 3699 183 0 0 48 
541800 1 3918 3726 157 0 0 35 
543600 1 3932 3731 161 0 0 37 
545400 1 3942 3715 190 0 0 36 
547200 1 3919 3727 157 0 0 35 
549000 1 3957 3749 173 0 0 35 
550800 1 3967 3762 177 0 0 27 
552600 1 3942 3750 157 0 0 35 
554400 1 3960 3788 151 0 0 21 
556200 1 3945 3734 179 0 0 32 
558000 1 3911 3729 148 0 0 34 
559800 1 3925 3734 162 0 0 29 
561600 1 3924 3741 154 0 0 28 
563400 1 3922 3725 158 0 0 38 
565200 1 3936 3775 138 0 0 22 
567000 1 3937 3743 159 0 0 35 
568800 1 3931 3730 166 0 0 33 
570600 1 3964 3745 189 0 0 30 
572400 1 3942 3761 147 0 1 33 
574200 1 3930 3737 158 0 3 31 
576000 1 3933 3759 136 0 0 38 
577800 1 3932 3751 150 0 0 31 
579600 1 3927 3757 141 0 0 28 
581400 1 3945 3758 149 0 0 37 
583200 1 3949 3741 174 0 0 31 
585000 1 3944 3761 162 0 3 17 
586800 1 3919 3722 161 0 0 34 
588600 1 3914 3725 156 0 0 31 
590400 1 3914 3705 176 0 0 33 
592200 1 3928 3727 170 0 0 29 
