0 0 0
1800 6004 5208
3600 6012 5205
5400 6035 5256
7200 5992 5211
9000 6007 5227
10800 6004 5222
12600 6000 5238
14400 6005 5212
16200 5859 4375
18000 5458 4276
19800 5053 4086
21600 4717 4083
23400 4555 4135
25200 4513 4209
27000 4528 4231
28800 4556 4261
30600 4647 4347
32400 4645 4322
34200 4634 4326
36000 4589 4281
37800 4554 4237
39600 4503 4207
41400 4516 4219
43200 4580 4275
45000 4626 4272
46800 4630 4306
48600 4638 4296
50400 4577 4244
52200 4553 4259
54000 4536 4232
55800 4539 4260
57600 4574 4278
59400 4602 4305
61200 4635 4328
63000 4596 4309
64800 4582 4267
66600 4574 4269
68400 4544 4233
70200 4564 4270
72000 4586 4272
73800 4587 4294
75600 4604 4289
77400 4599 4307
79200 4571 4265
81000 4564 4270
82800 4555 4256
84600 4604 4271
86400 4577 4267
88200 4531 3928
90000 4185 3449
91800 3867 3351
93600 3681 3453
95400 3628 3470
97200 3683 3510
99000 3639 3500
100800 3656 3501
102600 3638 3500
104400 3662 3511
106200 3642 3511
108000 3674 3534
109800 3641 3475
111600 3682 3542
113400 3654 3516
115200 3670 3527
117000 3625 3502
118800 3641 3511
120600 3643 3404
122400 3622 3304
124200 3629 3316
126000 3684 3319
127800 3598 3319
129600 3640 3395
131400 3551 3329
133200 3602 3402
135000 3613 3352
136800 3599 3417
138600 3584 3359
140400 3611 3422
142200 3582 3413
144000 3580 3434
145800 3584 3421
147600 3565 3424
149400 3580 3418
151200 3651 3494
153000 3665 3520
154800 3655 3508
156600 3629 3469
158400 3594 3435
160200 3551 3405
162000 3572 3431
163800 3607 3467
165600 3625 3502
167400 3602 3481
169200 3573 3447
171000 3625 3471
172800 3554 3400
174600 3572 3426
176400 3569 3416
178200 3622 3468
180000 3623 3482
181800 3692 3555
183600 3601 3438
185400 3640 3510
187200 3536 3398
189000 3619 3452
190800 3559 3440
192600 3606 3460
194400 3611 3474
196200 3618 3473
198000 3592 3418
199800 3587 3452
201600 3566 3451
203400 3611 3472
205200 3604 3495
207000 3614 3478
208800 3596 3443
210600 3667 3515
212400 3624 3470
214200 3612 3482
216000 3584 3447
217800 3594 3461
219600 3565 3439
221400 3581 3439
223200 3615 3446
225000 3587 3438
226800 3617 3472
228600 3565 3409
230400 3633 3492
232200 3579 3435
234000 3621 3475
235800 3608 3475
237600 3623 3499
239400 3587 3448
241200 3640 3497
243000 3584 3452
244800 3610 3454
246600 3595 3446
248400 3602 3458
250200 3566 3429
252000 3589 3404
253800 3589 3330
255600 3583 3374
257400 3556 3360
259200 3618 3374
261000 3591 3332
262800 3627 3349
264600 3583 3389
266400 3605 3403
268200 3622 3443
270000 3653 3367
271800 3620 3385
273600 3659 3419
275400 3613 3424
277200 3639 3458
279000 3610 3459
280800 3602 3445
282600 3621 3480
284400 3620 3470
286200 3669 3490
288000 3621 3461
289800 3654 3489
291600 3604 3446
293400 3604 3470
295200 3584 3433
297000 3628 3478
298800 3621 3488
300600 3708 3536
302400 3621 3477
304200 3671 3517
306000 3599 3455
307800 3627 3493
309600 3550 3393
311400 3637 3499
313200 3644 3486
315000 3689 3534
316800 3608 3459
318600 3690 3553
320400 3591 3443
322200 3608 3463
324000 3583 3436
325800 3603 3451
327600 3669 3545
329400 3684 3523
331200 3654 3509
333000 3621 3466
334800 3621 3486
336600 3592 3448
338400 3583 3438
340200 3628 3478
342000 3641 3505
343800 3685 3535
345600 3656 3521
347400 3632 3475
349200 3610 3447
351000 3588 3446
352800 3611 3474
354600 3607 3464
356400 3664 3539
358200 3640 3492
360000 3691 3524
361800 3614 3471
363600 3627 3465
365400 3576 3442
367200 3640 3513
369000 3594 3469
370800 3665 3539
372600 3649 3494
374400 3669 3539
376200 3612 3481
378000 3645 3484
379800 3584 3435
381600 3651 3496
383400 3576 3456
385200 3626 3348
387000 3430 2980
388800 3257 2961
390600 3137 2996
392400 3196 3100
394200 3155 3058
396000 3192 3078
397800 3154 3048
399600 3172 3075
401400 3176 3074
403200 3162 3056
405000 3184 3069
406800 3151 3038
408600 3192 3060
410400 3138 3030
412200 3178 3072
414000 3119 3018
415800 3153 3057
417600 3150 3072
419400 3190 3069
421200 3178 3054
423000 3194 3087
424800 3133 3042
426600 3169 3071
428400 3122 3014
430200 3138 3038
432000 3152 3066
433800 3197 3090
435600 3159 3052
437400 3214 3109
439200 3141 2881
441000 3249 2904
442800 3225 2958
444600 3306 3045
446400 3378 3158
448200 3427 3224
450000 3413 3265
451800 3432 3287
453600 3408 3269
455400 3347 3215
457200 3382 3274
459000 3380 3263
460800 3405 3287
462600 3445 3312
464400 3421 3309
466200 3412 3181
468000 3401 3145
469800 3385 3166
471600 3385 3201
473400 3387 3176
475200 3442 3148
477000 3456 3179
478800 3448 3178
480600 3393 3186
482400 3363 3212
484200 3381 3250
486000 3360 3227
487800 3373 3216
489600 3356 3200
491400 3402 3209
493200 3406 3228
495000 3404 3292
496800 3405 3274
498600 3394 3275
500400 3387 3260
502200 3412 3273
504000 3406 3274
505800 3416 3273
507600 3403 3283
509400 3414 3290
511200 3401 3262
513000 3376 3269
514800 3352 3225
516600 3391 3271
518400 3364 3249
520200 3400 3279
522000 3397 3273
523800 3368 3245
525600 3380 3280
527400 3413 3273
529200 3441 3328
531000 3390 3265
532800 3418 3294
534600 3398 3255
536400 3409 3285
538200 3408 3292
540000 3376 3239
541800 3386 3283
543600 3374 3237
545400 3377 3232
547200 3386 3271
549000 3405 3282
550800 3391 3250
552600 3411 3297
554400 3412 3317
556200 3415 3290
558000 3395 3279
559800 3397 3293
561600 3375 3238
563400 3373 3258
565200 3433 3307
567000 3394 3245
568800 3412 3279
570600 3407 3293
572400 3372 3269
574200 3394 3273
576000 3375 3239
577800 3376 3252
579600 3389 3274
581400 3413 3288
583200 3415 3276
585000 3404 3287
586800 3392 3258
588600 3363 3230
590400 3395 3283
592200 3381 3263
594000 3396 3294
595800 3403 3287
597600 3428 3318
599400 3409 3264
601200 3388 3283
603000 3376 3253
