0 1 0 0 0 0 0 0 
1800 1 6004 5208 720 20 0 50 
3600 1 6012 5205 746 14 0 46 
5400 1 6035 5256 705 14 0 55 
7200 1 5992 5211 714 18 0 48 
9000 1 6007 5227 708 19 0 53 
10800 1 6004 5222 715 12 0 54 
12600 1 6000 5238 696 19 0 45 
14400 1 6005 5212 726 14 0 52 
16200 1 5859 4375 499 6 939 39 
18000 1 5458 4276 356 0 789 36 
19800 1 5053 4086 293 0 638 32 
21600 1 4717 4083 279 0 310 45 
23400 1 4555 4135 278 0 101 39 
25200 1 4513 4209 260 0 3 38 
27000 1 4528 4231 254 0 0 43 
28800 1 4556 4261 255 0 0 39 
30600 1 4647 4347 259 0 0 40 
32400 1 4645 4322 271 2 0 48 
34200 1 4634 4326 271 2 0 35 
36000 1 4589 4281 267 0 0 40 
37800 1 4554 4237 273 0 0 43 
39600 1 4503 4207 261 0 0 35 
41400 1 4516 4219 251 2 0 42 
43200 1 4580 4275 270 0 10 25 
45000 1 4626 4272 285 0 19 48 
46800 1 4630 4306 268 1 17 37 
48600 1 4638 4296 276 0 22 41 
50400 1 4577 4244 287 0 12 32 
52200 1 4553 4259 253 0 0 37 
54000 1 4536 4232 265 0 0 39 
55800 1 4539 4260 248 0 0 28 
57600 1 4574 4278 253 0 3 39 
59400 1 4602 4305 254 0 2 41 
61200 1 4635 4328 272 0 0 34 
63000 1 4596 4309 244 0 5 38 
64800 1 4582 4267 283 0 0 31 
66600 1 4574 4269 260 0 2 43 
68400 1 4544 4233 266 0 0 45 
70200 1 4564 4270 240 0 0 51 
72000 1 4586 4272 279 0 0 33 
73800 1 4587 4294 261 0 0 31 
75600 1 4604 4289 277 0 0 38 
77400 1 4599 4307 261 0 0 29 
79200 1 4571 4265 264 0 0 41 
81000 1 4564 4270 254 0 0 38 
82800 1 4555 4256 264 0 0 35 
84600 1 4604 4271 278 0 0 53 
86400 1 4577 4267 267 0 0 43 
88200 1 4531 3928 240 0 331 32 
90000 1 4185 3449 175 0 532 29 
91800 1 3867 3351 140 0 343 33 
93600 1 3681 3453 120 0 84 23 
95400 1 3628 3470 106 0 19 33 
97200 1 3683 3510 123 0 27 23 
99000 1 3639 3500 107 0 11 20 
100800 1 3656 3501 117 0 6 32 
102600 1 3638 3500 113 0 2 22 
104400 1 3662 3511 114 0 2 35 
106200 1 3642 3511 104 0 0 25 
108000 1 3674 3534 111 0 0 28 
109800 1 3641 3475 130 0 4 32 
111600 1 3682 3542 110 0 0 30 
113400 1 3654 3516 113 0 0 24 
115200 1 3670 3527 116 0 0 26 
117000 1 3625 3502 102 0 0 21 
118800 1 3641 3511 108 0 0 21 
120600 1 3643 3404 129 0 84 24 
122400 1 3622 3304 103 0 189 26 
124200 1 3629 3316 107 0 182 24 
126000 1 3684 3319 116 0 215 34 
127800 1 3598 3319 102 0 152 25 
129600 1 3640 3395 112 0 104 29 
131400 1 3551 3329 123 0 71 28 
133200 1 3602 3402 145 0 34 20 
135000 1 3613 3352 103 0 133 25 
136800 1 3599 3417 118 0 40 24 
138600 1 3584 3359 101 0 92 32 
140400 1 3611 3422 102 0 58 28 
142200 1 3582 3413 112 0 24 32 
144000 1 3580 3434 100 0 13 32 
145800 1 3584 3421 128 0 5 30 
147600 1 3565 3424 105 0 4 31 
149400 1 3580 3418 119 0 16 26 
151200 1 3651 3494 119 0 11 26 
153000 1 3665 3520 104 0 10 30 
154800 1 3655 3508 106 0 7 34 
156600 1 3629 3469 118 0 9 33 
158400 1 3594 3435 129 0 0 29 
160200 1 3551 3405 115 0 0 31 
162000 1 3572 3431 108 0 0 31 
163800 1 3607 3467 115 0 0 25 
165600 1 3625 3502 98 0 0 25 
167400 1 3602 3481 93 0 0 26 
169200 1 3573 3447 98 0 0 27 
171000 1 3625 3471 128 0 0 26 
172800 1 3554 3400 129 0 0 25 
174600 1 3572 3426 122 0 0 23 
176400 1 3569 3416 116 0 0 36 
178200 1 3622 3468 122 0 0 31 
180000 1 3623 3482 104 0 5 32 
181800 1 3692 3555 105 0 11 21 
183600 1 3601 3438 116 0 9 37 
185400 1 3640 3510 100 0 4 26 
187200 1 3536 3398 113 0 0 23 
189000 1 3619 3452 140 0 0 26 
190800 1 3559 3440 100 0 3 16 
192600 1 3606 3460 106 0 7 32 
194400 1 3611 3474 106 0 5 26 
196200 1 3618 3473 109 0 0 36 
198000 1 3592 3418 136 0 5 32 
199800 1 3587 3452 104 0 3 28 
201600 1 3566 3451 85 0 0 28 
203400 1 3611 3472 107 0 0 32 
205200 1 3604 3495 82 0 0 26 
207000 1 3614 3478 114 0 0 22 
208800 1 3596 3443 117 0 2 33 
210600 1 3667 3515 119 0 1 32 
212400 1 3624 3470 125 0 3 26 
214200 1 3612 3482 110 0 0 20 
216000 1 3584 3447 118 0 0 19 
217800 1 3594 3461 103 0 0 30 
219600 1 3565 3439 99 0 0 26 
221400 1 3581 3439 122 0 0 20 
223200 1 3615 3446 128 0 0 41 
225000 1 3587 3438 120 0 0 29 
226800 1 3617 3472 110 0 0 35 
228600 1 3565 3409 127 0 0 29 
230400 1 3633 3492 112 0 0 29 
232200 1 3579 3435 109 0 0 35 
234000 1 3621 3475 117 0 0 28 
235800 1 3608 3475 103 0 0 29 
237600 1 3623 3499 95 0 0 29 
239400 1 3587 3448 104 0 0 35 
241200 1 3640 3497 116 0 0 26 
243000 1 3584 3452 106 0 0 25 
244800 1 3610 3454 118 0 0 36 
246600 1 3595 3446 115 0 0 34 
248400 1 3602 3458 117 0 0 26 
250200 1 3566 3429 97 0 0 40 
252000 1 3589 3404 105 0 55 25 
253800 1 3589 3330 105 0 125 28 
255600 1 3583 3374 106 0 59 44 
257400 1 3556 3360 111 0 58 26 
259200 1 3618 3374 113 0 104 25 
261000 1 3591 3332 120 0 121 18 
262800 1 3627 3349 107 0 138 32 
264600 1 3583 3389 97 0 70 27 
266400 1 3605 3403 110 0 63 29 
268200 1 3622 3443 126 0 27 26 
270000 1 3653 3367 119 0 139 27 
271800 1 3620 3385 109 0 97 28 
273600 1 3659 3419 106 0 114 20 
275400 1 3613 3424 110 0 57 22 
277200 1 3639 3458 123 0 41 16 
279000 1 3610 3459 107 0 15 29 
280800 1 3602 3445 116 0 7 34 
282600 1 3621 3480 94 0 8 37 
284400 1 3620 3470 103 0 19 28 
286200 1 3669 3490 120 0 27 32 
288000 1 3621 3461 118 0 8 33 
289800 1 3654 3489 114 0 26 25 
291600 1 3604 3446 110 0 18 28 
293400 1 3604 3470 104 0 4 26 
295200 1 3584 3433 111 0 11 29 
297000 1 3628 3478 115 0 6 29 
298800 1 3621 3488 95 0 15 19 
300600 1 3708 3536 116 0 24 32 
302400 1 3621 3477 96 0 11 37 
304200 1 3671 3517 114 0 12 27 
306000 1 3599 3455 107 0 3 34 
307800 1 3627 3493 110 0 0 23 
309600 1 3550 3393 120 0 6 30 
311400 1 3637 3499 115 0 0 23 
313200 1 3644 3486 116 0 17 25 
315000 1 3689 3534 121 0 0 34 
316800 1 3608 3459 121 0 3 24 
318600 1 3690 3553 100 0 4 33 
320400 1 3591 3443 109 0 5 33 
322200 1 3608 3463 116 0 0 29 
324000 1 3583 3436 111 0 0 35 
325800 1 3603 3451 122 0 0 30 
327600 1 3669 3545 99 0 0 25 
329400 1 3684 3523 123 0 0 37 
331200 1 3654 3509 112 0 0 33 
333000 1 3621 3466 120 0 4 31 
334800 1 3621 3486 106 0 0 29 
336600 1 3592 3448 118 0 0 26 
338400 1 3583 3438 120 0 0 25 
340200 1 3628 3478 116 0 0 33 
342000 1 3641 3505 108 0 0 27 
343800 1 3685 3535 123 0 0 26 
345600 1 3656 3521 105 0 0 30 
347400 1 3632 3475 133 0 0 21 
349200 1 3610 3447 134 0 0 29 
351000 1 3588 3446 110 0 0 32 
352800 1 3611 3474 114 0 0 21 
354600 1 3607 3464 107 0 0 36 
356400 1 3664 3539 96 0 0 28 
358200 1 3640 3492 114 0 0 34 
360000 1 3691 3524 135 0 0 29 
361800 1 3614 3471 117 0 0 26 
363600 1 3627 3465 119 0 3 39 
365400 1 3576 3442 108 0 0 25 
367200 1 3640 3513 107 0 0 20 
369000 1 3594 3469 103 0 0 20 
370800 1 3665 3539 102 0 0 22 
372600 1 3649 3494 125 0 0 29 
374400 1 3669 3539 104 0 0 26 
376200 1 3612 3481 110 0 0 21 
378000 1 3645 3484 128 0 0 32 
379800 1 3584 3435 115 0 0 34 
381600 1 3651 3496 124 0 0 30 
383400 1 3576 3456 94 0 0 23 
385200 1 3626 3348 96 0 150 31 
387000 1 3430 2980 73 0 359 18 
388800 1 3257 2961 73 0 203 20 
390600 1 3137 2996 85 0 37 19 
392400 1 3196 3100 70 0 4 20 
394200 1 3155 3058 74 0 0 22 
396000 1 3192 3078 87 0 0 27 
397800 1 3154 3048 85 0 0 20 
399600 1 3172 3075 75 0 0 22 
401400 1 3176 3074 78 0 0 23 
403200 1 3162 3056 87 0 0 18 
405000 1 3184 3069 83 0 8 24 
406800 1 3151 3038 68 0 21 24 
408600 1 3192 3060 103 0 4 25 
410400 1 3138 3030 80 0 3 25 
412200 1 3178 3072 77 0 3 25 
414000 1 3119 3018 80 0 2 19 
415800 1 3153 3057 74 0 2 20 
417600 1 3150 3072 53 0 0 24 
419400 1 3190 3069 90 0 1 30 
421200 1 3178 3054 87 0 6 31 
423000 1 3194 3087 90 0 4 13 
424800 1 3133 3042 69 0 0 22 
426600 1 3169 3071 75 0 0 23 
428400 1 3122 3014 75 0 0 33 
430200 1 3138 3038 77 0 0 23 
432000 1 3152 3066 70 0 0 15 
433800 1 3197 3090 83 0 0 23 
435600 1 3159 3052 78 0 0 29 
437400 1 3214 3109 81 0 0 24 
439200 1 3141 2881 73 0 169 18 
441000 1 3249 2904 83 0 242 19 
442800 1 3225 2958 84 0 157 26 
444600 1 3306 3045 85 0 156 20 
446400 1 3378 3158 74 0 121 25 
448200 1 3427 3224 93 0 77 32 
450000 1 3413 3265 87 0 27 33 
451800 1 3432 3287 91 0 27 24 
453600 1 3408 3269 99 0 10 29 
455400 1 3347 3215 103 0 3 25 
457200 1 3382 3274 84 0 3 21 
459000 1 3380 3263 94 0 0 23 
460800 1 3405 3287 87 0 0 31 
462600 1 3445 3312 100 0 0 31 
464400 1 3421 3309 96 0 0 16 
466200 1 3412 3181 99 0 110 21 
468000 1 3401 3145 81 0 146 29 
469800 1 3385 3166 94 0 104 21 
471600 1 3385 3201 86 0 70 27 
473400 1 3387 3176 87 0 95 29 
475200 1 3442 3148 100 0 165 29 
477000 1 3456 3179 101 0 158 18 
478800 1 3448 3178 96 0 148 25 
480600 1 3393 3186 89 0 101 17 
482400 1 3363 3212 93 0 33 23 
484200 1 3381 3250 95 0 9 27 
486000 1 3360 3227 98 0 10 25 
487800 1 3373 3216 109 0 25 23 
489600 1 3356 3200 86 0 45 24 
491400 1 3402 3209 90 0 73 30 
493200 1 3406 3228 96 0 55 27 
495000 1 3404 3292 87 0 6 18 
496800 1 3405 3274 105 0 0 26 
498600 1 3394 3275 96 0 0 22 
500400 1 3387 3260 94 0 6 25 
502200 1 3412 3273 104 0 0 35 
504000 1 3406 3274 97 0 5 29 
505800 1 3416 3273 103 0 5 34 
507600 1 3403 3283 87 0 9 24 
509400 1 3414 3290 86 0 3 35 
511200 1 3401 3262 111 0 5 22 
513000 1 3376 3269 84 0 0 21 
514800 1 3352 3225 97 0 2 27 
516600 1 3391 3271 91 0 0 28 
518400 1 3364 3249 86 0 0 29 
520200 1 3400 3279 81 0 0 40 
522000 1 3397 3273 96 0 1 27 
523800 1 3368 3245 87 0 9 26 
525600 1 3380 3280 83 0 0 16 
527400 1 3413 3273 102 0 4 33 
529200 1 3441 3328 90 0 1 22 
531000 1 3390 3265 94 0 6 25 
532800 1 3418 3294 82 0 16 25 
534600 1 3398 3255 105 0 6 31 
536400 1 3409 3285 103 0 0 21 
538200 1 3408 3292 81 0 4 30 
540000 1 3376 3239 108 0 0 29 
541800 1 3386 3283 76 0 0 26 
543600 1 3374 3237 106 0 1 30 
545400 1 3377 3232 117 0 0 28 
547200 1 3386 3271 87 0 0 27 
549000 1 3405 3282 94 0 0 29 
550800 1 3391 3250 101 0 7 32 
552600 1 3411 3297 91 0 3 18 
554400 1 3412 3317 74 0 3 18 
556200 1 3415 3290 101 0 0 24 
558000 1 3395 3279 95 0 0 19 
559800 1 3397 3293 79 0 0 24 
561600 1 3375 3238 108 0 0 29 
563400 1 3373 3258 88 0 0 26 
565200 1 3433 3307 100 0 0 24 
567000 1 3394 3245 103 0 11 35 
568800 1 3412 3279 102 0 0 30 
570600 1 3407 3293 95 0 0 18 
572400 1 3372 3269 82 0 0 20 
574200 1 3394 3273 99 0 0 21 
576000 1 3375 3239 108 0 0 28 
577800 1 3376 3252 102 0 0 20 
579600 1 3389 3274 90 0 1 24 
581400 1 3413 3288 92 0 0 32 
583200 1 3415 3276 103 0 0 35 
585000 1 3404 3287 89 0 0 28 
586800 1 3392 3258 104 0 0 29 
588600 1 3363 3230 104 0 0 27 
590400 1 3395 3283 84 0 0 27 
592200 1 3381 3263 96 0 0 22 
594000 1 3396 3294 75 0 0 27 
595800 1 3403 3287 81 0 0 35 
597600 1 3428 3318 79 0 0 30 
599400 1 3409 3264 111 0 2 31 
601200 1 3388 3283 85 0 0 20 
603000 1 3376 3253 94 0 0 29 
