0 1 0 0 0 0 0 0 
1800 1 5995 5181 755 9 0 44 
3600 1 5998 5157 765 21 0 52 
5400 1 6001 5138 790 14 0 51 
7200 1 6003 5155 767 18 0 60 
9000 1 6017 5165 784 12 0 53 
10800 1 6006 5145 784 22 0 52 
12600 1 5993 5171 754 16 0 51 
14400 1 5998 5164 766 16 0 48 
16200 1 5865 4357 535 3 918 50 
18000 1 5464 4178 457 4 783 42 
19800 1 5065 4038 313 1 667 43 
21600 1 4685 4003 257 1 391 32 
23400 1 4483 4057 268 0 121 37 
25200 1 4438 4117 273 0 6 42 
27000 1 4457 4141 276 1 0 36 
28800 1 4457 4163 256 0 0 37 
30600 1 4508 4207 267 0 0 34 
32400 1 4588 4287 264 0 0 37 
34200 1 4557 4242 263 1 5 45 
36000 1 4510 4188 276 0 4 40 
37800 1 4453 4188 235 0 0 29 
39600 1 4441 4140 262 0 0 39 
41400 1 4429 4131 255 0 3 40 
43200 1 4505 4163 294 0 9 39 
45000 1 4542 4206 280 0 21 34 
46800 1 4541 4231 254 0 16 40 
48600 1 4550 4199 288 0 22 40 
50400 1 4511 4170 282 0 21 36 
