0 0 0
1800 6012 5180
3600 5997 5149
5400 5991 5134
7200 5976 5109
9000 6015 5177
10800 6004 5151
12600 6008 5198
14400 6022 5188
16200 5886 4286
18000 5457 4205
19800 5047 4023
21600 4681 3966
23400 4439 4030
25200 4391 4097
27000 4405 4117
28800 4437 4112
30600 4522 4223
32400 4532 4219
34200 4520 4193
36000 4469 4132
37800 4446 4116
39600 4400 4087
41400 4409 4111
43200 4458 4150
45000 4494 4182
46800 4520 4184
48600 4504 4162
50400 4489 4170
52200 4443 4099
54000 4429 4134
55800 4438 4148
57600 4467 4144
59400 4475 4130
61200 4530 4227
63000 4498 4174
64800 4460 4135
66600 4464 4165
68400 4429 4127
70200 4463 4152
72000 4468 4177
73800 4454 4174
75600 4499 4190
77400 4489 4185
79200 4467 4170
81000 4463 4167
82800 4444 4132
84600 4372 3634
86400 3948 3263
88200 3658 3237
90000 3507 3282
91800 3480 3318
93600 3482 3332
95400 3461 3304
97200 3493 3368
99000 3458 3318
100800 3476 3327
102600 3456 3327
104400 3479 3342
106200 3481 3342
108000 3453 3334
109800 3492 3346
111600 3491 3378
113400 3492 3341
115200 3495 3357
117000 3458 3336
118800 3458 3319
120600 3460 3295
122400 3504 3076
124200 3578 3188
126000 3641 3336
127800 3608 3326
129600 3632 3358
131400 3596 3423
133200 3593 3409
135000 3664 3519
136800 3684 3522
138600 3699 3528
140400 3699 3527
142200 3660 3508
144000 3624 3457
145800 3601 3444
147600 3598 3452
149400 3640 3484
151200 3733 3561
153000 3728 3551
154800 3689 3529
156600 3650 3522
158400 3605 3440
160200 3596 3450
162000 3588 3456
163800 3650 3297
165600 3702 3289
167400 3679 3254
169200 3659 3278
171000 3612 3332
172800 3563 3375
174600 3573 3377
176400 3574 3378
178200 3583 3391
180000 3624 3361
181800 3599 3339
183600 3615 3388
185400 3572 3403
187200 3560 3395
189000 3578 3429
190800 3585 3446
192600 3615 3440
194400 3650 3497
196200 3639 3471
198000 3626 3471
199800 3617 3467
201600 3580 3431
203400 3577 3440
205200 3575 3417
207000 3590 3435
208800 3595 3413
210600 3601 3461
212400 3594 3441
214200 3586 3437
216000 3567 3422
217800 3607 3451
219600 3599 3449
221400 3598 3441
223200 3637 3491
225000 3625 3468
226800 3609 3447
228600 3609 3457
230400 3595 3434
232200 3586 3456
234000 3582 3455
235800 3579 3431
237600 3593 3441
239400 3613 3475
241200 3584 3435
243000 3571 3415
244800 3599 3455
246600 3620 3472
248400 3611 3454
250200 3616 3480
252000 3589 3417
253800 3608 3467
255600 3610 3467
257400 3588 3458
259200 3604 3433
261000 3607 3458
262800 3594 3460
264600 3590 3439
266400 3576 3447
268200 3598 3443
270000 3590 3445
271800 3606 3449
273600 3612 3453
275400 3598 3455
277200 3614 3472
279000 3596 3457
280800 3587 3424
282600 3607 3472
284400 3599 3446
286200 3619 3485
288000 3622 3473
289800 3603 3457
291600 3585 3444
293400 3561 3422
295200 3596 3445
297000 3562 3417
298800 3623 3463
300600 3611 3470
302400 3620 3474
304200 3623 3463
306000 3585 3435
307800 3565 3429
309600 3575 3413
311400 3610 3468
313200 3618 3487
315000 3603 3453
316800 3621 3469
318600 3608 3458
320400 3592 3475
322200 3586 3445
324000 3557 3415
325800 3584 3427
327600 3642 3503
329400 3619 3472
331200 3618 3463
333000 3590 3423
334800 3583 3432
336600 3587 3434
338400 3570 3436
340200 3584 3450
342000 3620 3481
343800 3628 3469
345600 3620 3486
347400 3599 3466
349200 3605 3446
351000 3578 3430
352800 3619 3476
354600 3590 3450
356400 3589 3415
358200 3623 3492
360000 3596 3444
361800 3609 3446
363600 3595 3458
365400 3558 3403
367200 3582 3445
369000 3580 3423
370800 3586 3426
372600 3624 3482
374400 3627 3485
376200 3589 3457
378000 3619 3471
379800 3595 3434
381600 3605 3461
383400 3601 3426
385200 3625 3482
387000 3596 3435
388800 3601 3454
390600 3567 3355
392400 3590 3383
394200 3567 3358
396000 3577 3386
397800 3573 3389
399600 3559 3371
401400 3595 3359
403200 3584 3306
405000 3615 3353
406800 3643 3333
408600 3643 3359
410400 3618 3358
412200 3620 3377
414000 3583 3393
415800 3592 3397
417600 3639 3422
419400 3615 3452
421200 3658 3476
423000 3626 3442
424800 3649 3474
426600 3613 3451
428400 3593 3421
430200 3591 3420
432000 3628 3454
433800 3659 3478
435600 3632 3431
437400 3652 3466
439200 3613 3440
441000 3596 3441
442800 3616 3481
444600 3583 3423
446400 3649 3498
448200 3680 3521
450000 3654 3493
451800 3645 3512
453600 3618 3473
455400 3601 3438
457200 3591 3433
459000 3609 3451
460800 3665 3493
462600 3643 3491
464400 3665 3520
466200 3633 3490
468000 3627 3478
469800 3589 3470
471600 3591 3445
473400 3585 3430
475200 3643 3476
477000 3688 3568
478800 3662 3509
480600 3655 3493
482400 3604 3428
484200 3596 3462
486000 3593 3430
487800 3613 3444
489600 3617 3448
491400 3676 3525
493200 3679 3538
495000 3633 3498
496800 3624 3461
498600 3574 3406
500400 3589 3432
502200 3616 3442
504000 3626 3463
505800 3686 3520
507600 3676 3516
509400 3657 3517
511200 3638 3512
513000 3610 3468
514800 3619 3460
516600 3627 3471
518400 3631 3468
520200 3655 3498
522000 3670 3518
523800 3653 3503
525600 3650 3498
527400 3625 3471
529200 3628 3484
531000 3622 3472
532800 3612 3447
534600 3657 3527
536400 3655 3510
538200 3665 3509
540000 3634 3489
541800 3651 3506
543600 3618 3464
545400 3637 3466
547200 3603 3440
549000 3632 3479
550800 3659 3504
552600 3663 3514
554400 3635 3456
556200 3661 3512
558000 3642 3478
559800 3631 3495
561600 3639 3383
563400 3645 3439
565200 3718 3534
567000 3700 3537
568800 3742 3555
570600 3748 3572
572400 3705 3537
574200 3700 3523
576000 3663 3514
577800 3655 3498
579600 3719 3568
581400 3729 3544
583200 3756 3570
585000 3757 3577
586800 3719 3559
588600 3685 3505
590400 3679 3520
592200 3698 3552
594000 3703 3537
595800 3727 3564
597600 3740 3580
599400 3740 3585
601200 3735 3567
603000 3680 3532
