0 1 0 0 0 0 0 0 
1800 1 6012 5180 751 20 0 58 
3600 1 5997 5149 792 15 0 36 
5400 1 5991 5134 799 6 0 49 
7200 1 5976 5109 804 13 0 49 
9000 1 6015 5177 752 29 0 55 
10800 1 6004 5151 784 16 0 48 
12600 1 6008 5198 755 9 0 45 
14400 1 6022 5188 771 17 0 44 
16200 1 5886 4286 544 12 1000 42 
18000 1 5457 4205 399 7 800 44 
19800 1 5047 4023 301 0 682 38 
21600 1 4681 3966 237 0 445 30 
23400 1 4439 4030 249 0 107 52 
25200 1 4391 4097 249 0 7 37 
27000 1 4405 4117 258 0 0 29 
28800 1 4437 4112 288 0 0 37 
30600 1 4522 4223 268 0 0 29 
32400 1 4532 4219 271 0 0 40 
34200 1 4520 4193 285 2 0 39 
36000 1 4469 4132 297 0 0 38 
37800 1 4446 4116 302 0 0 28 
39600 1 4400 4087 276 0 0 36 
41400 1 4409 4111 259 0 0 39 
43200 1 4458 4150 270 1 6 30 
45000 1 4494 4182 263 0 13 34 
46800 1 4520 4184 268 0 32 32 
48600 1 4504 4162 286 0 20 35 
50400 1 4489 4170 275 0 8 34 
52200 1 4443 4099 308 0 6 28 
54000 1 4429 4134 262 0 0 33 
55800 1 4438 4148 251 0 0 39 
57600 1 4467 4144 288 0 0 33 
59400 1 4475 4130 303 0 0 41 
61200 1 4530 4227 263 0 8 32 
63000 1 4498 4174 286 0 0 36 
64800 1 4460 4135 284 1 0 40 
66600 1 4464 4165 268 0 0 29 
68400 1 4429 4127 257 0 0 43 
70200 1 4463 4152 270 0 0 37 
72000 1 4468 4177 266 0 0 24 
73800 1 4454 4174 250 0 0 30 
75600 1 4499 4190 270 0 0 39 
77400 1 4489 4185 271 0 0 30 
79200 1 4467 4170 254 0 0 40 
81000 1 4463 4167 257 0 0 37 
82800 1 4444 4132 285 0 0 26 
84600 1 4372 3634 226 0 491 21 
86400 1 3948 3263 125 0 526 33 
88200 1 3658 3237 119 0 279 22 
90000 1 3507 3282 109 0 85 31 
91800 1 3480 3318 94 0 34 34 
93600 1 3482 3332 102 0 20 28 
95400 1 3461 3304 115 0 13 29 
97200 1 3493 3368 96 0 4 24 
99000 1 3458 3318 102 0 6 32 
100800 1 3476 3327 113 0 3 32 
102600 1 3456 3327 106 0 0 23 
104400 1 3479 3342 114 0 0 22 
106200 1 3481 3342 112 0 0 27 
108000 1 3453 3334 95 0 3 21 
109800 1 3492 3346 124 0 3 19 
111600 1 3491 3378 92 0 0 21 
113400 1 3492 3341 118 0 0 33 
115200 1 3495 3357 103 0 0 34 
117000 1 3458 3336 93 0 0 28 
118800 1 3458 3319 115 0 0 23 
120600 1 3460 3295 104 0 37 22 
122400 1 3504 3076 105 0 285 38 
124200 1 3578 3188 106 0 250 32 
126000 1 3641 3336 90 0 192 23 
127800 1 3608 3326 126 0 127 27 
129600 1 3632 3358 117 0 133 24 
131400 1 3596 3423 106 0 47 19 
133200 1 3593 3409 123 0 32 29 
135000 1 3664 3519 122 0 0 20 
136800 1 3684 3522 127 0 8 25 
138600 1 3699 3528 145 0 0 26 
140400 1 3699 3527 133 0 7 32 
142200 1 3660 3508 117 0 4 30 
144000 1 3624 3457 124 0 6 36 
145800 1 3601 3444 126 0 4 27 
147600 1 3598 3452 113 0 5 28 
149400 1 3640 3484 124 0 2 30 
151200 1 3733 3561 135 0 0 37 
153000 1 3728 3551 146 0 0 30 
154800 1 3689 3529 124 0 2 32 
156600 1 3650 3522 107 0 0 21 
158400 1 3605 3440 125 0 0 40 
160200 1 3596 3450 114 0 0 32 
162000 1 3588 3456 103 0 0 28 
163800 1 3650 3297 110 0 208 35 
165600 1 3702 3289 124 0 254 35 
167400 1 3679 3254 107 0 288 28 
169200 1 3659 3278 132 0 226 23 
171000 1 3612 3332 128 0 122 29 
172800 1 3563 3375 124 0 24 39 
174600 1 3573 3377 117 0 49 30 
176400 1 3574 3378 148 0 20 28 
178200 1 3583 3391 116 0 48 26 
180000 1 3624 3361 115 0 119 29 
181800 1 3599 3339 121 0 109 29 
183600 1 3615 3388 118 0 88 19 
185400 1 3572 3403 119 0 23 26 
187200 1 3560 3395 123 0 3 39 
189000 1 3578 3429 119 0 0 28 
190800 1 3585 3446 108 0 0 30 
192600 1 3615 3440 140 0 4 31 
194400 1 3650 3497 110 0 14 29 
196200 1 3639 3471 121 0 8 37 
198000 1 3626 3471 108 0 17 28 
199800 1 3617 3467 119 0 4 26 
201600 1 3580 3431 131 0 0 18 
203400 1 3577 3440 110 0 0 26 
205200 1 3575 3417 130 0 0 27 
207000 1 3590 3435 127 0 4 24 
208800 1 3595 3413 147 0 0 35 
210600 1 3601 3461 111 0 5 23 
212400 1 3594 3441 122 0 5 26 
214200 1 3586 3437 109 0 7 32 
216000 1 3567 3422 117 0 0 28 
217800 1 3607 3451 117 0 4 34 
219600 1 3599 3449 123 0 4 22 
221400 1 3598 3441 119 0 8 29 
223200 1 3637 3491 112 0 4 29 
225000 1 3625 3468 122 0 6 27 
226800 1 3609 3447 131 0 8 23 
228600 1 3609 3457 128 0 3 21 
230400 1 3595 3434 132 0 2 26 
232200 1 3586 3456 103 0 0 26 
234000 1 3582 3455 94 0 7 25 
235800 1 3579 3431 119 0 3 25 
237600 1 3593 3441 123 0 2 27 
239400 1 3613 3475 110 0 0 27 
241200 1 3584 3435 117 0 0 31 
243000 1 3571 3415 122 0 4 30 
244800 1 3599 3455 118 0 0 26 
246600 1 3620 3472 117 0 0 31 
248400 1 3611 3454 121 0 5 31 
250200 1 3616 3480 111 0 0 25 
252000 1 3589 3417 140 0 0 31 
253800 1 3608 3467 112 0 1 27 
255600 1 3610 3467 117 0 0 26 
257400 1 3588 3458 108 0 0 21 
259200 1 3604 3433 130 0 0 41 
261000 1 3607 3458 124 0 0 25 
262800 1 3594 3460 102 0 0 32 
264600 1 3590 3439 124 0 0 27 
266400 1 3576 3447 102 0 0 27 
268200 1 3598 3443 122 0 0 33 
270000 1 3590 3445 121 0 0 22 
271800 1 3606 3449 120 0 0 37 
273600 1 3612 3453 121 0 0 37 
275400 1 3598 3455 120 0 0 21 
277200 1 3614 3472 110 0 0 32 
279000 1 3596 3457 114 0 0 23 
280800 1 3587 3424 130 0 0 33 
282600 1 3607 3472 105 0 0 30 
284400 1 3599 3446 122 0 0 29 
286200 1 3619 3485 112 0 0 21 
288000 1 3622 3473 118 0 0 30 
289800 1 3603 3457 118 0 0 27 
291600 1 3585 3444 115 0 0 26 
293400 1 3561 3422 115 0 0 24 
295200 1 3596 3445 122 0 0 29 
297000 1 3562 3417 120 0 0 25 
298800 1 3623 3463 123 0 0 35 
300600 1 3611 3470 106 0 0 35 
302400 1 3620 3474 116 0 2 28 
304200 1 3623 3463 129 0 0 30 
306000 1 3585 3435 124 0 0 26 
307800 1 3565 3429 111 0 0 25 
309600 1 3575 3413 133 0 0 29 
311400 1 3610 3468 108 0 0 33 
313200 1 3618 3487 104 0 0 26 
315000 1 3603 3453 119 0 0 30 
316800 1 3621 3469 120 0 0 32 
318600 1 3608 3458 119 0 0 30 
320400 1 3592 3475 98 0 0 19 
322200 1 3586 3445 116 0 0 25 
324000 1 3557 3415 113 0 0 28 
325800 1 3584 3427 126 0 0 30 
327600 1 3642 3503 115 0 0 23 
329400 1 3619 3472 119 0 0 27 
331200 1 3618 3463 129 0 0 25 
333000 1 3590 3423 138 0 0 28 
334800 1 3583 3432 116 0 0 34 
336600 1 3587 3434 124 0 0 27 
338400 1 3570 3436 99 0 0 32 
340200 1 3584 3450 108 0 0 25 
342000 1 3620 3481 114 0 0 25 
343800 1 3628 3469 126 0 0 33 
345600 1 3620 3486 106 0 0 27 
347400 1 3599 3466 100 0 0 31 
349200 1 3605 3446 119 0 0 40 
351000 1 3578 3430 122 0 0 25 
352800 1 3619 3476 110 0 0 32 
354600 1 3590 3450 105 0 0 35 
356400 1 3589 3415 133 0 3 38 
358200 1 3623 3492 100 0 0 30 
360000 1 3596 3444 125 0 0 25 
361800 1 3609 3446 130 0 0 33 
363600 1 3595 3458 112 0 0 25 
365400 1 3558 3403 130 0 0 24 
367200 1 3582 3445 108 0 0 29 
369000 1 3580 3423 114 0 0 43 
370800 1 3586 3426 136 0 0 24 
372600 1 3624 3482 118 0 0 24 
374400 1 3627 3485 106 0 0 35 
376200 1 3589 3457 102 0 0 30 
378000 1 3619 3471 119 0 0 26 
379800 1 3595 3434 135 0 0 26 
381600 1 3605 3461 112 0 0 30 
383400 1 3601 3426 140 0 0 35 
385200 1 3625 3482 105 0 0 38 
387000 1 3596 3435 121 0 0 39 
388800 1 3601 3454 117 0 0 29 
390600 1 3567 3355 127 0 58 25 
392400 1 3590 3383 105 0 79 22 
394200 1 3567 3358 103 0 74 31 
396000 1 3577 3386 108 0 57 26 
397800 1 3573 3389 121 0 48 15 
399600 1 3559 3371 110 0 43 34 
401400 1 3595 3359 87 0 121 27 
403200 1 3584 3306 116 0 139 22 
405000 1 3615 3353 120 0 116 26 
406800 1 3643 3333 129 0 145 35 
408600 1 3643 3359 108 0 146 30 
410400 1 3618 3358 122 0 100 37 
412200 1 3620 3377 122 0 89 30 
414000 1 3583 3393 119 0 53 18 
415800 1 3592 3397 113 0 51 31 
417600 1 3639 3422 128 0 60 27 
419400 1 3615 3452 115 0 14 34 
421200 1 3658 3476 134 0 24 24 
423000 1 3626 3442 134 0 16 32 
424800 1 3649 3474 117 0 24 34 
426600 1 3613 3451 132 0 3 26 
428400 1 3593 3421 133 0 5 33 
430200 1 3591 3420 113 0 23 35 
432000 1 3628 3454 115 0 28 30 
433800 1 3659 3478 108 0 51 21 
435600 1 3632 3431 122 0 45 34 
437400 1 3652 3466 131 0 19 36 
439200 1 3613 3440 125 0 25 23 
441000 1 3596 3441 118 0 11 25 
442800 1 3616 3481 95 0 14 24 
444600 1 3583 3423 120 0 0 37 
446400 1 3649 3498 118 0 4 29 
448200 1 3680 3521 128 0 5 26 
450000 1 3654 3493 132 0 0 28 
451800 1 3645 3512 106 0 0 26 
453600 1 3618 3473 119 0 0 26 
455400 1 3601 3438 129 0 2 31 
457200 1 3591 3433 119 0 4 34 
459000 1 3609 3451 122 0 0 35 
460800 1 3665 3493 126 0 12 34 
462600 1 3643 3491 117 0 9 25 
464400 1 3665 3520 109 0 0 35 
466200 1 3633 3490 116 0 2 25 
468000 1 3627 3478 116 0 6 27 
469800 1 3589 3470 93 0 0 26 
471600 1 3591 3445 111 0 0 35 
473400 1 3585 3430 117 0 0 35 
475200 1 3643 3476 145 0 0 22 
477000 1 3688 3568 100 0 2 18 
478800 1 3662 3509 120 0 0 31 
480600 1 3655 3493 130 0 0 31 
482400 1 3604 3428 140 0 0 36 
484200 1 3596 3462 109 0 0 23 
486000 1 3593 3430 132 0 0 30 
487800 1 3613 3444 131 0 0 38 
489600 1 3617 3448 135 0 0 34 
491400 1 3676 3525 121 0 0 30 
493200 1 3679 3538 104 0 0 36 
495000 1 3633 3498 108 0 0 25 
496800 1 3624 3461 134 0 0 28 
498600 1 3574 3406 124 0 9 35 
500400 1 3589 3432 114 0 11 30 
502200 1 3616 3442 132 0 15 25 
504000 1 3626 3463 110 0 22 29 
505800 1 3686 3520 126 0 7 33 
507600 1 3676 3516 131 0 6 22 
509400 1 3657 3517 102 0 7 31 
511200 1 3638 3512 97 0 0 28 
513000 1 3610 3468 110 0 0 31 
514800 1 3619 3460 123 0 0 36 
516600 1 3627 3471 133 0 0 23 
518400 1 3631 3468 142 0 0 21 
520200 1 3655 3498 132 0 0 25 
522000 1 3670 3518 117 0 0 35 
523800 1 3653 3503 116 0 0 33 
525600 1 3650 3498 131 0 0 19 
527400 1 3625 3471 127 0 0 25 
529200 1 3628 3484 123 0 3 18 
531000 1 3622 3472 124 0 0 26 
532800 1 3612 3447 133 0 3 29 
534600 1 3657 3527 104 0 0 26 
536400 1 3655 3510 122 0 0 23 
538200 1 3665 3509 121 0 3 30 
540000 1 3634 3489 109 0 0 36 
541800 1 3651 3506 119 0 0 26 
543600 1 3618 3464 126 0 0 25 
545400 1 3637 3466 138 0 0 32 
547200 1 3603 3440 134 0 0 29 
549000 1 3632 3479 127 0 0 25 
550800 1 3659 3504 127 0 0 28 
552600 1 3663 3514 123 0 0 25 
554400 1 3635 3456 144 0 0 35 
556200 1 3661 3512 124 0 0 25 
558000 1 3642 3478 131 0 0 33 
559800 1 3631 3495 107 0 0 26 
561600 1 3639 3383 112 0 123 19 
563400 1 3645 3439 113 0 60 32 
565200 1 3718 3534 132 0 24 26 
567000 1 3700 3537 130 0 3 30 
568800 1 3742 3555 147 0 0 39 
570600 1 3748 3572 134 0 0 39 
572400 1 3705 3537 126 0 0 41 
574200 1 3700 3523 143 0 0 32 
576000 1 3663 3514 121 0 6 22 
577800 1 3655 3498 116 0 4 37 
579600 1 3719 3568 109 0 18 24 
581400 1 3729 3544 149 0 12 23 
583200 1 3756 3570 145 0 7 34 
585000 1 3757 3577 129 0 17 33 
586800 1 3719 3559 126 0 6 26 
588600 1 3685 3505 127 0 10 43 
590400 1 3679 3520 125 0 0 33 
592200 1 3698 3552 115 0 0 31 
594000 1 3703 3537 132 0 5 29 
595800 1 3727 3564 139 0 0 24 
597600 1 3740 3580 125 0 7 28 
599400 1 3740 3585 125 0 0 29 
601200 1 3735 3567 137 0 4 27 
603000 1 3680 3532 120 0 0 27 
