0 0 0
1800 6021 5193
3600 5990 5202
5400 6016 5201
7200 6006 5192
9000 6011 5162
10800 6012 5165
12600 6008 5167
14400 5950 5144
16200 5859 4303
18000 5451 4229
19800 5046 4007
21600 4692 4020
23400 4497 4094
25200 4473 4171
27000 4477 4180
28800 4483 4168
30600 4587 4276
32400 4621 4285
34200 4585 4271
36000 4540 4242
37800 4490 4171
39600 4469 4145
41400 4499 4167
43200 4540 4224
45000 4563 4203
46800 4551 4194
48600 4599 4236
50400 4538 4208
52200 4490 4191
54000 4476 4166
55800 4495 4172
57600 4531 4225
59400 4552 4247
61200 4580 4236
63000 4578 4220
64800 4572 4233
66600 4489 4172
68400 4485 4164
