0 1 0 0 0 0 0 0 
1800 1 6021 5193 763 14 0 48 
3600 1 5990 5202 723 19 0 42 
5400 1 6016 5201 745 17 0 53 
7200 1 6006 5192 744 20 0 50 
9000 1 6011 5162 786 18 0 41 
10800 1 6012 5165 772 26 0 47 
12600 1 6008 5167 767 20 0 49 
14400 1 5950 5144 744 11 0 47 
16200 1 5859 4303 525 18 963 49 
18000 1 5451 4229 377 2 787 50 
19800 1 5046 4007 307 4 687 38 
21600 1 4692 4020 230 0 405 37 
23400 1 4497 4094 285 1 73 44 
25200 1 4473 4171 262 0 0 39 
27000 1 4477 4180 271 0 0 24 
28800 1 4483 4168 268 0 0 46 
30600 1 4587 4276 273 0 0 36 
32400 1 4621 4285 293 0 0 42 
34200 1 4585 4271 275 0 0 36 
36000 1 4540 4242 258 0 0 40 
37800 1 4490 4171 283 0 0 36 
39600 1 4469 4145 289 0 0 35 
41400 1 4499 4167 285 0 0 46 
43200 1 4540 4224 267 0 8 38 
45000 1 4563 4203 282 0 36 42 
46800 1 4551 4194 296 0 25 35 
48600 1 4599 4236 301 0 24 35 
50400 1 4538 4208 287 0 9 34 
52200 1 4490 4191 256 0 11 30 
54000 1 4476 4166 272 0 1 35 
55800 1 4495 4172 287 0 0 35 
57600 1 4531 4225 275 0 0 30 
59400 1 4552 4247 277 0 0 28 
61200 1 4580 4236 302 0 2 39 
63000 1 4578 4220 316 0 4 37 
64800 1 4572 4233 290 0 0 46 
66600 1 4489 4172 267 0 0 49 
68400 1 4485 4164 293 0 0 27 
