0 0 0
1800 5998 5112
3600 6021 5156
5400 6020 5124
7200 6008 5101
9000 6005 5066
10800 5997 5074
12600 6000 5069
14400 5978 5089
16200 5875 4240
18000 5472 4167
19800 5039 4020
21600 4681 3921
23400 4397 3849
25200 4305 3987
27000 4291 4026
28800 4341 4040
30600 4365 4039
32400 4408 4118
34200 4381 4095
36000 4400 4120
37800 4349 4058
39600 4295 4027
41400 4276 3999
43200 4350 4059
45000 4355 4039
46800 4382 4086
48600 4366 4060
50400 4384 4101
52200 4358 4040
54000 4310 4070
55800 4325 4047
57600 4340 4047
59400 4352 4078
61200 4399 4116
63000 4371 4068
64800 4358 4075
66600 4338 4035
68400 4325 4023
70200 4334 4070
72000 4353 4076
73800 4348 4062
75600 4380 4095
77400 4369 4097
79200 4329 4066
81000 4344 3899
82800 4109 3377
84600 3700 3178
86400 3504 3264
88200 3459 3329
90000 3519 3362
91800 3475 3329
93600 3457 3320
95400 3452 3303
97200 3495 3347
99000 3488 3373
100800 3456 3342
102600 3487 3355
104400 3466 3315
106200 3475 3350
108000 3458 3324
109800 3485 3342
111600 3482 3341
113400 3487 3352
115200 3468 3199
117000 3470 3049
118800 3385 3085
120600 3384 3158
122400 3366 3145
124200 3424 3267
126000 3403 3235
127800 3357 3210
129600 3346 3209
131400 3395 3261
133200 3350 3227
135000 3338 3209
136800 3402 3268
138600 3409 3262
140400 3411 3276
142200 3376 3259
144000 3349 3217
145800 3354 3218
147600 3348 3235
149400 3376 3243
151200 3379 3229
153000 3413 3280
154800 3367 3055
156600 3126 2763
158400 2950 2802
160200 2933 2831
162000 2966 2870
163800 3005 2909
165600 2999 2905
167400 2995 2905
169200 3012 2908
171000 3004 2820
172800 2938 2720
174600 2908 2733
176400 2946 2758
178200 2973 2770
180000 2987 2758
181800 2945 2725
183600 2994 2780
185400 2915 2724
187200 2872 2767
189000 2875 2777
190800 2916 2820
192600 2911 2795
194400 2893 2779
196200 2905 2760
198000 2968 2864
199800 2924 2835
201600 2932 2854
203400 2890 2797
205200 2960 2874
207000 2931 2848
208800 2939 2852
210600 2941 2850
212400 2948 2849
214200 2931 2836
216000 2902 2809
217800 2877 2774
219600 2907 2829
221400 2913 2820
223200 2931 2849
225000 2912 2809
226800 2929 2835
228600 2946 2843
230400 2927 2836
232200 2932 2840
234000 2904 2814
235800 2941 2862
237600 2953 2855
239400 2919 2825
241200 2920 2839
243000 2946 2858
244800 2935 2844
246600 2891 2805
248400 2878 2792
250200 2943 2856
252000 2911 2810
253800 2925 2842
255600 2929 2831
257400 2930 2832
259200 2930 2836
261000 2950 2858
262800 2935 2836
264600 2934 2843
266400 2906 2805
268200 2905 2834
270000 2916 2822
271800 2965 2871
273600 2932 2834
275400 2922 2843
277200 2905 2826
279000 2922 2839
280800 2932 2849
282600 2910 2838
284400 2909 2829
286200 2931 2852
288000 2955 2871
289800 2934 2843
291600 2892 2812
293400 2933 2838
295200 2927 2848
297000 2907 2824
298800 2924 2836
300600 2926 2851
302400 2964 2889
304200 2934 2841
306000 2904 2820
307800 2907 2827
309600 2931 2853
311400 2930 2832
313200 2922 2838
315000 2917 2823
316800 2937 2853
318600 2930 2858
320400 2925 2835
322200 2884 2805
324000 2933 2853
325800 2923 2834
327600 2929 2849
329400 2926 2829
331200 2961 2870
333000 2932 2835
334800 2922 2827
336600 2909 2826
338400 2920 2839
340200 2925 2833
342000 2938 2867
343800 2914 2815
345600 2935 2835
347400 2924 2815
349200 2913 2824
351000 2895 2814
352800 2927 2854
354600 2924 2826
356400 2933 2850
358200 2935 2847
360000 2932 2850
361800 2962 2868
363600 2913 2834
365400 2906 2826
367200 2928 2839
369000 2961 2881
370800 2910 2822
372600 2910 2835
374400 2904 2811
376200 2931 2840
378000 2922 2838
379800 2900 2825
381600 2905 2753
383400 2924 2791
385200 2925 2758
387000 2923 2739
388800 2888 2706
390600 2960 2747
392400 2936 2763
394200 2925 2764
396000 2922 2774
397800 2951 2789
399600 2941 2806
401400 2954 2832
403200 2905 2769
405000 2942 2837
406800 2978 2838
408600 2971 2819
410400 2939 2823
412200 2938 2800
414000 2948 2841
415800 2951 2852
417600 2933 2829
419400 2942 2820
421200 2973 2859
423000 2986 2888
424800 2950 2841
426600 2904 2800
428400 2959 2857
430200 2925 2828
432000 2961 2878
433800 2949 2833
435600 2983 2891
437400 2954 2858
439200 2954 2860
441000 2952 2856
442800 2966 2881
444600 2920 2834
446400 2961 2862
448200 2950 2873
450000 2989 2889
451800 2957 2863
453600 2936 2856
455400 2941 2859
457200 2947 2854
459000 2933 2851
460800 2960 2868
462600 2951 2855
464400 2984 2906
466200 2953 2866
468000 2962 2867
469800 2923 2830
471600 2932 2853
473400 2961 2863
475200 2950 2878
477000 2968 2859
478800 2945 2863
480600 2989 2903
482400 2972 2873
484200 2910 2826
486000 2917 2839
487800 2977 2888
489600 2966 2864
491400 2946 2872
493200 2949 2872
495000 2992 2903
496800 2953 2871
498600 2938 2863
500400 2919 2829
502200 2962 2855
504000 2969 2891
505800 2944 2866
507600 2958 2865
509400 2982 2879
511200 2939 2866
513000 2940 2849
514800 2938 2803
516600 2961 2791
518400 2953 2807
520200 3021 2843
522000 2989 2875
523800 3002 2897
525600 2978 2865
527400 3007 2901
529200 2997 2892
531000 3011 2934
532800 2990 2898
534600 3005 2918
536400 3007 2919
538200 3012 2930
540000 2988 2893
541800 3031 2935
543600 3002 2897
545400 2966 2797
547200 3001 2802
549000 2989 2761
550800 3016 2798
552600 3001 2792
554400 3001 2793
556200 3025 2788
558000 2995 2799
559800 2955 2793
561600 2974 2832
563400 2956 2853
565200 2959 2822
567000 2971 2858
568800 2970 2837
570600 2969 2861
572400 2979 2866
574200 2988 2872
576000 3011 2901
577800 2978 2883
579600 3008 2910
581400 3009 2899
583200 3012 2909
585000 2975 2879
586800 2983 2900
588600 2967 2879
590400 2977 2888
592200 2970 2870
594000 2961 2896
595800 2982 2875
597600 2967 2887
599400 2973 2890
601200 2986 2893
603000 2986 2881
