0 1 0 0 0 0 0 0 
1800 1 5998 5112 815 26 0 41 
3600 1 6021 5156 793 22 0 47 
5400 1 6020 5124 815 17 0 61 
7200 1 6008 5101 821 27 0 59 
9000 1 6005 5066 858 24 0 54 
10800 1 5997 5074 845 27 0 49 
12600 1 6000 5069 858 27 0 43 
14400 1 5978 5089 813 24 0 52 
16200 1 5875 4240 573 20 1002 38 
18000 1 5472 4167 466 4 797 38 
19800 1 5039 4020 291 1 687 40 
21600 1 4681 3921 249 0 475 36 
23400 1 4397 3849 251 0 255 42 
25200 1 4305 3987 236 0 34 48 
27000 1 4291 4026 223 1 4 34 
28800 1 4341 4040 259 0 3 38 
30600 1 4365 4039 274 0 10 41 
32400 1 4408 4118 252 0 5 32 
34200 1 4381 4095 245 0 3 38 
36000 1 4400 4120 224 0 10 45 
37800 1 4349 4058 239 0 12 38 
39600 1 4295 4027 229 0 3 35 
41400 1 4276 3999 243 0 0 32 
43200 1 4350 4059 251 0 7 32 
45000 1 4355 4039 274 0 6 33 
46800 1 4382 4086 240 0 19 34 
48600 1 4366 4060 263 0 16 27 
50400 1 4384 4101 239 0 13 31 
52200 1 4358 4040 273 0 9 34 
54000 1 4310 4070 203 0 0 37 
55800 1 4325 4047 240 0 0 36 
57600 1 4340 4047 261 0 0 31 
59400 1 4352 4078 232 0 2 39 
61200 1 4399 4116 247 1 0 34 
63000 1 4371 4068 264 1 0 37 
64800 1 4358 4075 245 0 0 36 
66600 1 4338 4035 265 0 5 32 
68400 1 4325 4023 270 0 0 32 
70200 1 4334 4070 235 0 0 27 
72000 1 4353 4076 243 0 0 34 
73800 1 4348 4062 253 0 0 33 
75600 1 4380 4095 246 0 0 39 
77400 1 4369 4097 235 0 0 37 
79200 1 4329 4066 234 0 0 29 
81000 1 4344 3899 248 0 165 32 
82800 1 4109 3377 164 0 540 25 
84600 1 3700 3178 130 0 354 36 
86400 1 3504 3264 98 0 117 25 
88200 1 3459 3329 92 0 13 25 
90000 1 3519 3362 107 0 22 28 
91800 1 3475 3329 113 0 10 21 
93600 1 3457 3320 105 0 9 23 
95400 1 3452 3303 112 0 1 36 
97200 1 3495 3347 115 0 0 32 
99000 1 3488 3373 93 0 0 22 
100800 1 3456 3342 86 0 0 28 
102600 1 3487 3355 106 0 0 26 
104400 1 3466 3315 128 0 3 19 
106200 1 3475 3350 98 0 0 27 
108000 1 3458 3324 104 0 0 30 
109800 1 3485 3342 107 0 0 35 
111600 1 3482 3341 116 0 0 25 
113400 1 3487 3352 109 0 0 26 
115200 1 3468 3199 112 0 131 25 
117000 1 3470 3049 108 0 287 25 
118800 1 3385 3085 92 0 187 21 
120600 1 3384 3158 96 0 106 23 
122400 1 3366 3145 102 0 102 17 
124200 1 3424 3267 105 0 30 22 
126000 1 3403 3235 108 0 31 27 
127800 1 3357 3210 110 0 10 27 
129600 1 3346 3209 92 0 22 23 
131400 1 3395 3261 104 0 3 25 
133200 1 3350 3227 88 0 7 27 
135000 1 3338 3209 106 0 0 23 
136800 1 3402 3268 115 0 0 18 
138600 1 3409 3262 120 0 0 26 
140400 1 3411 3276 96 0 0 38 
142200 1 3376 3259 93 0 0 24 
144000 1 3349 3217 102 0 0 29 
145800 1 3354 3218 106 0 0 29 
147600 1 3348 3235 85 0 0 28 
149400 1 3376 3243 117 0 0 16 
151200 1 3379 3229 122 0 0 27 
153000 1 3413 3280 103 0 0 30 
154800 1 3367 3055 81 0 211 20 
156600 1 3126 2763 70 0 263 30 
158400 1 2950 2802 59 0 72 17 
160200 1 2933 2831 69 0 13 19 
162000 1 2966 2870 64 0 2 29 
163800 1 3005 2909 71 0 0 25 
165600 1 2999 2905 78 0 0 16 
167400 1 2995 2905 66 0 0 24 
169200 1 3012 2908 75 0 0 29 
171000 1 3004 2820 65 0 96 23 
172800 1 2938 2720 53 0 142 23 
174600 1 2908 2733 72 0 78 25 
176400 1 2946 2758 73 0 89 25 
178200 1 2973 2770 53 0 130 20 
180000 1 2987 2758 68 0 136 25 
181800 1 2945 2725 61 0 141 18 
183600 1 2994 2780 75 0 120 19 
185400 1 2915 2724 83 0 90 17 
187200 1 2872 2767 60 0 23 22 
189000 1 2875 2777 71 0 6 21 
190800 1 2916 2820 70 0 9 17 
192600 1 2911 2795 60 0 44 12 
194400 1 2893 2779 64 0 33 17 
196200 1 2905 2760 58 0 65 22 
198000 1 2968 2864 75 0 16 13 
199800 1 2924 2835 66 0 6 17 
201600 1 2932 2854 63 0 0 14 
203400 1 2890 2797 69 0 0 24 
205200 1 2960 2874 58 0 0 28 
207000 1 2931 2848 61 0 2 19 
208800 1 2939 2852 65 0 0 20 
210600 1 2941 2850 67 0 0 24 
212400 1 2948 2849 71 0 5 23 
214200 1 2931 2836 75 0 0 20 
216000 1 2902 2809 68 0 0 25 
217800 1 2877 2774 73 0 2 27 
219600 1 2907 2829 53 0 0 25 
221400 1 2913 2820 56 0 0 37 
223200 1 2931 2849 59 0 0 23 
225000 1 2912 2809 72 0 12 16 
226800 1 2929 2835 72 0 0 22 
228600 1 2946 2843 78 0 0 25 
230400 1 2927 2836 62 0 5 24 
232200 1 2932 2840 69 0 0 23 
234000 1 2904 2814 67 0 2 21 
235800 1 2941 2862 61 0 4 14 
237600 1 2953 2855 77 0 3 18 
239400 1 2919 2825 68 0 2 23 
241200 1 2920 2839 59 0 3 19 
243000 1 2946 2858 67 0 3 18 
244800 1 2935 2844 65 0 3 22 
246600 1 2891 2805 63 0 0 23 
248400 1 2878 2792 64 0 6 16 
250200 1 2943 2856 69 0 0 18 
252000 1 2911 2810 82 0 0 19 
253800 1 2925 2842 62 0 3 18 
255600 1 2929 2831 61 0 0 36 
257400 1 2930 2832 77 0 0 21 
259200 1 2930 2836 60 0 0 33 
261000 1 2950 2858 70 0 1 20 
262800 1 2935 2836 69 0 0 30 
264600 1 2934 2843 68 0 0 22 
266400 1 2906 2805 70 0 0 31 
268200 1 2905 2834 55 0 0 16 
270000 1 2916 2822 71 0 0 22 
271800 1 2965 2871 76 0 0 18 
273600 1 2932 2834 66 0 0 32 
275400 1 2922 2843 63 0 0 15 
277200 1 2905 2826 61 0 0 18 
279000 1 2922 2839 68 0 0 14 
280800 1 2932 2849 61 0 0 22 
282600 1 2910 2838 53 0 0 18 
284400 1 2909 2829 54 0 0 25 
286200 1 2931 2852 56 0 0 23 
288000 1 2955 2871 66 0 0 18 
289800 1 2934 2843 64 0 0 24 
291600 1 2892 2812 63 0 0 15 
293400 1 2933 2838 66 0 0 29 
295200 1 2927 2848 62 0 0 17 
297000 1 2907 2824 55 0 0 28 
298800 1 2924 2836 54 0 0 33 
300600 1 2926 2851 55 0 0 20 
302400 1 2964 2889 57 0 0 17 
304200 1 2934 2841 73 0 0 19 
306000 1 2904 2820 60 0 0 23 
307800 1 2907 2827 65 0 0 14 
309600 1 2931 2853 65 0 0 13 
311400 1 2930 2832 72 0 0 26 
313200 1 2922 2838 63 0 0 20 
315000 1 2917 2823 73 0 0 20 
316800 1 2937 2853 59 0 0 25 
318600 1 2930 2858 45 0 0 27 
320400 1 2925 2835 68 0 0 21 
322200 1 2884 2805 56 0 0 23 
324000 1 2933 2853 58 0 0 22 
325800 1 2923 2834 63 0 0 26 
327600 1 2929 2849 62 0 0 17 
329400 1 2926 2829 74 0 0 23 
331200 1 2961 2870 75 0 0 15 
333000 1 2932 2835 74 0 0 23 
334800 1 2922 2827 69 0 0 26 
336600 1 2909 2826 67 0 0 15 
338400 1 2920 2839 64 0 0 16 
340200 1 2925 2833 59 0 0 32 
342000 1 2938 2867 56 0 1 13 
343800 1 2914 2815 74 0 0 25 
345600 1 2935 2835 77 0 0 23 
347400 1 2924 2815 83 0 0 26 
349200 1 2913 2824 73 0 0 16 
351000 1 2895 2814 65 0 0 16 
352800 1 2927 2854 56 0 0 17 
354600 1 2924 2826 72 0 0 26 
356400 1 2933 2850 60 0 0 21 
358200 1 2935 2847 61 0 0 27 
360000 1 2932 2850 71 0 0 11 
361800 1 2962 2868 70 0 0 24 
363600 1 2913 2834 49 0 0 30 
365400 1 2906 2826 58 0 0 22 
367200 1 2928 2839 66 0 0 21 
369000 1 2961 2881 62 0 0 18 
370800 1 2910 2822 72 0 0 16 
372600 1 2910 2835 59 0 0 16 
374400 1 2904 2811 63 0 0 29 
376200 1 2931 2840 70 0 0 20 
378000 1 2922 2838 63 0 0 21 
379800 1 2900 2825 58 0 0 16 
381600 1 2905 2753 65 0 64 22 
383400 1 2924 2791 61 0 54 18 
385200 1 2925 2758 80 0 70 17 
387000 1 2923 2739 58 0 108 18 
388800 1 2888 2706 60 0 100 21 
390600 1 2960 2747 74 0 119 20 
392400 1 2936 2763 64 0 93 16 
394200 1 2925 2764 63 0 74 22 
396000 1 2922 2774 59 0 65 23 
397800 1 2951 2789 65 0 71 26 
399600 1 2941 2806 53 0 53 29 
401400 1 2954 2832 62 0 39 21 
403200 1 2905 2769 71 0 34 31 
405000 1 2942 2837 66 0 20 19 
406800 1 2978 2838 82 0 37 20 
408600 1 2971 2819 79 0 52 21 
410400 1 2939 2823 58 0 37 21 
412200 1 2938 2800 80 0 25 33 
414000 1 2948 2841 69 0 17 21 
415800 1 2951 2852 61 0 10 28 
417600 1 2933 2829 62 0 19 23 
419400 1 2942 2820 72 0 29 21 
421200 1 2973 2859 68 0 19 27 
423000 1 2986 2888 55 0 24 18 
424800 1 2950 2841 65 0 20 24 
426600 1 2904 2800 68 0 19 17 
428400 1 2959 2857 74 0 6 22 
430200 1 2925 2828 69 0 8 20 
432000 1 2961 2878 55 0 3 24 
433800 1 2949 2833 78 0 10 28 
435600 1 2983 2891 57 0 13 22 
437400 1 2954 2858 74 0 0 22 
439200 1 2954 2860 61 0 10 23 
441000 1 2952 2856 64 0 9 23 
442800 1 2966 2881 59 0 2 24 
444600 1 2920 2834 60 0 0 25 
446400 1 2961 2862 82 0 0 17 
448200 1 2950 2873 62 0 0 15 
450000 1 2989 2889 76 0 0 24 
451800 1 2957 2863 75 0 0 19 
453600 1 2936 2856 66 0 2 12 
455400 1 2941 2859 62 0 0 20 
457200 1 2947 2854 64 0 2 27 
459000 1 2933 2851 56 0 5 21 
460800 1 2960 2868 70 0 0 22 
462600 1 2951 2855 73 0 5 18 
464400 1 2984 2906 58 0 0 20 
466200 1 2953 2866 67 0 0 20 
468000 1 2962 2867 67 0 0 25 
469800 1 2923 2830 74 0 4 15 
471600 1 2932 2853 55 0 5 19 
473400 1 2961 2863 73 0 4 21 
475200 1 2950 2878 57 0 0 15 
477000 1 2968 2859 82 0 0 25 
478800 1 2945 2863 60 0 0 21 
480600 1 2989 2903 62 0 5 18 
482400 1 2972 2873 73 0 0 26 
484200 1 2910 2826 66 0 0 17 
486000 1 2917 2839 52 0 0 26 
487800 1 2977 2888 66 0 0 23 
489600 1 2966 2864 82 0 0 20 
491400 1 2946 2872 52 0 0 22 
493200 1 2949 2872 54 0 2 21 
495000 1 2992 2903 69 0 0 19 
496800 1 2953 2871 56 0 0 26 
498600 1 2938 2863 63 0 0 11 
500400 1 2919 2829 68 0 0 19 
502200 1 2962 2855 84 0 0 22 
504000 1 2969 2891 54 0 0 23 
505800 1 2944 2866 56 0 0 22 
507600 1 2958 2865 75 0 0 16 
509400 1 2982 2879 76 0 0 27 
511200 1 2939 2866 52 0 0 21 
513000 1 2940 2849 67 0 0 24 
514800 1 2938 2803 69 0 40 25 
516600 1 2961 2791 56 0 89 24 
518400 1 2953 2807 57 0 67 22 
520200 1 3021 2843 71 0 85 21 
522000 1 2989 2875 47 0 44 22 
523800 1 3002 2897 72 0 12 20 
525600 1 2978 2865 73 0 18 22 
527400 1 3007 2901 61 0 28 17 
529200 1 2997 2892 67 0 10 28 
531000 1 3011 2934 59 0 0 17 
532800 1 2990 2898 64 0 1 26 
534600 1 3005 2918 57 0 0 30 
536400 1 3007 2919 69 0 0 19 
538200 1 3012 2930 63 0 0 19 
540000 1 2988 2893 73 0 0 22 
541800 1 3031 2935 79 0 0 17 
543600 1 3002 2897 82 0 0 23 
545400 1 2966 2797 60 0 83 26 
547200 1 3001 2802 67 0 112 20 
549000 1 2989 2761 68 0 133 27 
550800 1 3016 2798 66 0 132 20 
552600 1 3001 2792 55 0 136 17 
554400 1 3001 2793 85 0 100 23 
556200 1 3025 2788 56 0 159 22 
558000 1 2995 2799 70 0 109 17 
559800 1 2955 2793 71 0 69 22 
561600 1 2974 2832 80 0 43 19 
563400 1 2956 2853 60 0 23 20 
565200 1 2959 2822 69 0 43 25 
567000 1 2971 2858 45 0 40 28 
568800 1 2970 2837 66 0 42 25 
570600 1 2969 2861 54 0 37 17 
572400 1 2979 2866 66 0 28 19 
574200 1 2988 2872 79 0 8 28 
576000 1 3011 2901 76 0 1 30 
577800 1 2978 2883 64 0 7 24 
579600 1 3008 2910 76 0 3 19 
581400 1 3009 2899 77 0 9 23 
583200 1 3012 2909 66 0 0 35 
585000 1 2975 2879 67 0 0 28 
586800 1 2983 2900 63 0 0 20 
588600 1 2967 2879 62 0 0 24 
590400 1 2977 2888 60 0 0 29 
592200 1 2970 2870 78 0 0 21 
594000 1 2961 2896 55 0 0 10 
595800 1 2982 2875 80 0 0 27 
597600 1 2967 2887 60 0 0 20 
599400 1 2973 2890 63 0 0 20 
601200 1 2986 2893 63 0 1 28 
603000 1 2986 2881 79 0 4 22 
