0 0 0
1800 6000 5193
3600 6030 5183
5400 5993 5162
7200 6017 5185
9000 5992 5209
10800 5991 5189
12600 6004 5166
14400 6001 5235
16200 5878 4340
18000 5449 4286
19800 5076 4076
21600 4713 4007
23400 4498 4119
25200 4482 4193
27000 4481 4168
28800 4535 4238
30600 4593 4298
32400 4605 4327
34200 4619 4312
36000 4556 4243
37800 4501 4218
39600 4483 4196
41400 4497 4209
43200 4540 4248
45000 4581 4244
46800 4594 4276
48600 4605 4248
50400 4568 4255
52200 4518 4182
54000 4487 4182
55800 4504 4194
57600 4544 4238
59400 4550 4226
61200 4586 4311
63000 4565 4277
64800 4579 4265
66600 4525 4227
68400 4507 4215
70200 4547 4237
72000 4540 4250
73800 4538 4233
75600 4605 4298
77400 4540 4229
79200 4530 4227
81000 4545 4255
82800 4528 4225
84600 4557 4242
86400 4540 4238
88200 4543 4272
90000 4543 4212
91800 4550 4231
93600 4557 4265
95400 4550 4244
97200 4558 4257
99000 4537 4235
100800 4560 4244
102600 4538 4245
104400 4524 4232
106200 4553 4282
108000 4547 4239
109800 4563 4281
111600 4569 4100
113400 4316 3578
115200 3863 3308
117000 3650 3338
118800 3565 3424
120600 3637 3468
122400 3592 3477
124200 3684 3534
126000 3603 3469
127800 3632 3497
129600 3578 3458
131400 3615 3460
133200 3537 3408
135000 3619 3486
136800 3644 3502
138600 3679 3530
140400 3645 3493
142200 3627 3495
144000 3569 3432
145800 3576 3435
147600 3561 3447
149400 3491 2991
151200 3312 2972
153000 3230 3099
154800 3214 3102
156600 3172 3069
158400 3136 3051
160200 3107 3012
162000 3111 3019
163800 3191 3079
165600 3253 3135
167400 3207 2917
169200 3179 2909
171000 3123 2927
172800 3102 2987
174600 3071 2971
