0 1 0 0 0 0 0 0 
1800 1 6000 5193 738 13 0 53 
3600 1 6030 5183 757 26 0 60 
5400 1 5993 5162 744 33 0 52 
7200 1 6017 5185 755 23 0 47 
9000 1 5992 5209 703 27 0 51 
10800 1 5991 5189 730 21 0 48 
12600 1 6004 5166 785 11 0 41 
14400 1 6001 5235 702 13 0 47 
16200 1 5878 4340 526 3 968 37 
18000 1 5449 4286 360 5 760 36 
19800 1 5076 4076 303 2 641 52 
21600 1 4713 4007 266 0 402 37 
23400 1 4498 4119 263 0 78 38 
25200 1 4482 4193 249 1 2 36 
27000 1 4481 4168 272 0 0 40 
28800 1 4535 4238 250 0 0 47 
30600 1 4593 4298 250 0 0 42 
32400 1 4605 4327 245 0 0 32 
34200 1 4619 4312 272 0 0 33 
36000 1 4556 4243 268 0 0 44 
37800 1 4501 4218 244 0 0 36 
39600 1 4483 4196 253 0 0 33 
41400 1 4497 4209 254 0 0 33 
43200 1 4540 4248 249 0 3 40 
45000 1 4581 4244 280 0 10 45 
46800 1 4594 4276 265 0 6 46 
48600 1 4605 4248 298 0 16 43 
50400 1 4568 4255 260 0 11 41 
52200 1 4518 4182 270 0 21 45 
54000 1 4487 4182 270 0 0 35 
55800 1 4504 4194 274 0 0 35 
57600 1 4544 4238 262 0 0 43 
59400 1 4550 4226 274 0 0 50 
61200 1 4586 4311 231 0 6 36 
63000 1 4565 4277 242 0 3 42 
64800 1 4579 4265 274 0 0 40 
66600 1 4525 4227 255 0 0 43 
68400 1 4507 4215 255 0 0 34 
70200 1 4547 4237 250 0 0 59 
72000 1 4540 4250 256 0 0 33 
73800 1 4538 4233 269 0 0 36 
75600 1 4605 4298 260 0 3 43 
77400 1 4540 4229 271 0 0 39 
79200 1 4530 4227 263 0 0 40 
81000 1 4545 4255 258 0 0 31 
82800 1 4528 4225 270 0 0 33 
84600 1 4557 4242 270 0 0 44 
86400 1 4540 4238 269 0 0 33 
88200 1 4543 4272 233 0 0 38 
90000 1 4543 4212 284 0 3 42 
91800 1 4550 4231 276 0 0 42 
93600 1 4557 4265 256 0 0 34 
95400 1 4550 4244 269 0 0 37 
97200 1 4558 4257 259 0 0 41 
99000 1 4537 4235 268 0 0 33 
100800 1 4560 4244 267 0 0 47 
102600 1 4538 4245 265 0 0 28 
104400 1 4524 4232 255 1 0 36 
106200 1 4553 4282 229 0 0 42 
108000 1 4547 4239 252 0 0 54 
109800 1 4563 4281 253 0 0 28 
111600 1 4569 4100 247 0 170 50 
113400 1 4316 3578 188 0 517 33 
115200 1 3863 3308 107 0 419 29 
117000 1 3650 3338 117 0 160 35 
118800 1 3565 3424 93 0 22 26 
120600 1 3637 3468 113 0 26 30 
122400 1 3592 3477 90 0 1 24 
124200 1 3684 3534 98 0 14 37 
126000 1 3603 3469 108 0 2 24 
127800 1 3632 3497 103 0 8 24 
129600 1 3578 3458 100 0 0 20 
131400 1 3615 3460 125 0 4 26 
133200 1 3537 3408 100 0 2 27 
135000 1 3619 3486 97 0 0 35 
136800 1 3644 3502 109 0 0 32 
138600 1 3679 3530 120 0 2 25 
140400 1 3645 3493 122 0 0 29 
142200 1 3627 3495 106 0 0 24 
144000 1 3569 3432 107 0 0 29 
145800 1 3576 3435 112 0 0 28 
147600 1 3561 3447 87 0 0 27 
149400 1 3491 2991 104 0 370 24 
151200 1 3312 2972 73 0 245 21 
153000 1 3230 3099 62 0 44 25 
154800 1 3214 3102 77 0 8 25 
156600 1 3172 3069 81 0 1 20 
158400 1 3136 3051 64 0 0 21 
160200 1 3107 3012 71 0 0 24 
162000 1 3111 3019 69 0 0 23 
163800 1 3191 3079 91 0 0 20 
165600 1 3253 3135 74 0 13 29 
167400 1 3207 2917 67 0 203 20 
169200 1 3179 2909 60 0 185 25 
171000 1 3123 2927 64 0 109 23 
172800 1 3102 2987 78 0 24 13 
174600 1 3071 2971 57 0 13 30 
