0 1 0 0 0 0 0 0 
1800 1 6014 5172 773 12 0 53 
3600 1 6014 5174 757 23 0 58 
5400 1 6019 5245 715 12 0 43 
7200 1 5996 5222 699 22 0 50 
9000 1 6001 5216 724 8 0 52 
10800 1 6009 5209 728 17 0 51 
12600 1 5991 5178 745 18 0 48 
14400 1 6002 5241 700 7 0 52 
16200 1 5861 4434 516 7 851 52 
18000 1 5444 4230 379 2 787 42 
19800 1 5080 4060 324 1 661 33 
21600 1 4732 4012 264 0 414 41 
23400 1 4520 4110 280 0 98 32 
25200 1 4490 4169 277 0 6 37 
27000 1 4508 4213 260 0 2 33 
28800 1 4548 4249 257 0 0 41 
30600 1 4618 4299 271 0 0 47 
32400 1 4607 4259 303 0 0 42 
34200 1 4599 4288 267 0 0 42 
36000 1 4551 4258 261 0 0 31 
37800 1 4526 4193 304 0 0 28 
39600 1 4509 4209 258 0 0 41 
41400 1 4504 4196 263 0 0 44 
43200 1 4543 4215 275 1 15 35 
45000 1 4575 4229 262 0 43 41 
46800 1 4609 4277 270 0 26 34 
48600 1 4579 4264 278 0 5 30 
