0 0 0
1800 5992 5175
3600 6018 5214
5400 6007 5220
7200 5983 5190
9000 6001 5210
10800 6005 5216
12600 6003 5245
14400 5996 5162
16200 5857 4371
18000 5491 4234
19800 5049 4047
21600 4728 4021
23400 4535 4186
25200 4522 4187
27000 4534 4187
28800 4549 4210
30600 4627 4300
32400 4637 4316
34200 4644 4293
36000 4600 4286
37800 4537 4209
39600 4524 4217
41400 4527 4202
43200 4572 4269
45000 4593 4233
46800 4638 4288
48600 4643 4311
50400 4600 4265
52200 4545 4210
54000 4525 4219
55800 4538 4202
57600 4579 4243
59400 4598 4286
61200 4608 4286
63000 4624 4318
64800 4587 4223
66600 4562 4248
68400 4542 4197
70200 4576 4246
72000 4591 4285
73800 4571 4254
75600 4603 4272
77400 4608 4271
79200 4581 4288
81000 4567 4222
82800 4557 4270
84600 4566 4221
86400 4604 4288
88200 4567 4245
90000 4600 4243
91800 4548 4032
93600 4663 4111
95400 4717 4205
97200 4827 4235
99000 4892 4354
100800 4968 4384
102600 5031 4382
104400 5062 4466
106200 5129 4572
108000 5121 4606
109800 5150 4651
111600 5181 4636
113400 5162 4666
115200 5219 4691
117000 5215 4734
118800 5207 4722
120600 5267 4755
122400 5227 4765
124200 5224 4757
126000 5242 4744
127800 5268 4740
129600 5256 4794
131400 5267 4796
133200 5265 4813
135000 5264 4801
136800 5274 4804
138600 5258 4769
140400 5281 4765
142200 5292 4813
144000 5293 4833
145800 5280 4833
147600 5281 4811
149400 5261 4771
151200 5278 4773
153000 5285 4818
154800 5322 4851
156600 5273 4810
158400 5287 4853
160200 5308 4828
162000 5287 4794
163800 5290 4822
165600 5273 4803
167400 5293 4816
169200 5289 4772
171000 5291 4820
172800 5292 4811
174600 5295 4804
176400 5282 4807
178200 5291 4798
180000 5296 4860
181800 5294 4831
183600 5286 4801
185400 5290 4844
187200 5287 4855
189000 5260 4220
190800 5108 4198
192600 5034 4219
194400 4956 4270
196200 4957 4353
198000 4924 4458
199800 4927 4432
201600 4948 4540
203400 4922 4534
205200 4959 4569
207000 4939 4568
208800 4944 4564
210600 4924 4556
212400 4962 4595
214200 4916 4552
216000 4939 4559
217800 4915 4547
219600 4971 4565
221400 4931 4588
223200 4971 4600
225000 4885 4227
226800 4785 4148
228600 4778 4324
230400 4752 4380
232200 4764 4372
234000 4734 4353
235800 4751 4430
237600 4755 4423
239400 4762 4420
241200 4769 4419
243000 4768 4423
244800 4761 4341
246600 4746 3995
248400 4745 4043
250200 4660 4053
252000 4653 4090
253800 4693 4253
255600 4689 4203
257400 4649 4305
259200 4678 4319
261000 4680 4314
262800 4684 4317
264600 4641 4298
266400 4669 4339
268200 4668 4309
270000 4683 4333
271800 4658 4303
273600 4668 4313
275400 4676 4329
277200 4686 4378
279000 4657 4305
280800 4653 4307
282600 4675 4362
284400 4657 4311
286200 4683 4351
288000 4647 4310
289800 4694 4354
291600 4668 4339
293400 4665 4328
295200 4670 4327
297000 4665 4343
298800 4671 4310
300600 4688 4335
302400 4642 4319
304200 4652 4340
306000 4648 4067
307800 4341 3571
309600 3948 3381
311400 3720 3398
313200 3668 3494
315000 3688 3508
316800 3660 3512
318600 3655 3483
320400 3687 3525
322200 3682 3534
324000 3652 3491
325800 3649 3498
327600 3687 3543
329400 3672 3523
331200 3655 3496
333000 3684 3360
334800 3614 3378
336600 3636 3468
338400 3569 3428
340200 3672 3515
342000 3592 3431
343800 3661 3503
345600 3575 3441
347400 3691 3553
349200 3592 3456
351000 3640 3493
352800 3605 3453
354600 3661 3528
356400 3613 3448
358200 3607 3471
360000 3641 3494
361800 3599 3472
363600 3630 3488
365400 3624 3487
367200 3672 3530
369000 3613 3479
370800 3618 3477
372600 3636 3349
374400 3786 3350
376200 3833 3451
378000 3901 3531
379800 3949 3613
381600 4031 3727
383400 4022 3757
385200 4020 3805
387000 4053 3849
388800 4043 3832
390600 4035 3836
392400 4011 3817
394200 4063 3846
396000 4026 3854
397800 4045 3838
399600 3997 3473
401400 3896 3498
403200 3834 3607
405000 3854 3656
406800 3857 3687
408600 3906 3722
410400 3884 3699
412200 3847 3675
414000 3903 3746
415800 3872 3680
417600 3879 3707
419400 3847 3517
421200 3826 3471
423000 3749 3468
424800 3752 3567
426600 3738 3582
428400 3789 3642
430200 3714 3586
432000 3779 3602
433800 3734 3586
435600 3782 3618
437400 3737 3580
439200 3768 3614
441000 3734 3588
442800 3752 3587
444600 3741 3610
446400 3763 3588
448200 3767 3618
450000 3770 3617
451800 3722 3528
453600 3732 3491
455400 3786 3571
457200 3752 3566
459000 3752 3561
460800 3783 3594
462600 3801 3617
464400 3754 3579
466200 3778 3606
468000 3784 3627
469800 3765 3595
471600 3779 3624
473400 3758 3601
475200 3786 3628
477000 3761 3614
478800 3774 3646
480600 3758 3608
482400 3791 3495
484200 3736 3449
486000 3704 3499
487800 3716 3542
489600 3722 3575
491400 3737 3583
493200 3675 3529
495000 3723 3552
496800 3698 3530
498600 3739 3585
500400 3687 3543
502200 3728 3588
504000 3698 3554
505800 3728 3567
507600 3679 3538
509400 3736 3594
511200 3594 3103
513000 3375 2958
514800 3215 3053
516600 3264 3147
518400 3193 3084
520200 3249 3135
522000 3213 3119
523800 3261 3146
525600 3224 3115
527400 3264 3147
529200 3232 3070
531000 3212 3070
532800 3193 3060
534600 3219 3093
536400 3261 3144
538200 3210 3097
540000 3220 3113
541800 3184 3081
543600 3255 3151
545400 3226 3118
547200 3213 3113
549000 3201 3100
550800 3245 3138
552600 3216 3129
554400 3205 3091
556200 3224 3117
558000 3250 3149
