0 1 0 0 0 0 0 0 
1800 1 5992 5175 732 24 0 59 
3600 1 6018 5214 724 17 0 60 
5400 1 6007 5220 722 7 0 55 
7200 1 5983 5190 722 19 0 51 
9000 1 6001 5210 732 9 0 47 
10800 1 6005 5216 721 15 0 47 
12600 1 6003 5245 694 14 0 48 
14400 1 5996 5162 766 9 0 55 
16200 1 5857 4371 516 9 919 42 
18000 1 5491 4234 442 2 767 44 
19800 1 5049 4047 329 2 635 36 
21600 1 4728 4021 265 0 408 33 
23400 1 4535 4186 255 0 47 45 
25200 1 4522 4187 286 0 0 44 
27000 1 4534 4187 298 0 0 46 
28800 1 4549 4210 298 0 0 40 
30600 1 4627 4300 285 0 0 42 
32400 1 4637 4316 287 0 0 32 
34200 1 4644 4293 314 0 0 37 
36000 1 4600 4286 279 0 3 30 
37800 1 4537 4209 289 0 0 38 
39600 1 4524 4217 276 0 0 31 
41400 1 4527 4202 283 0 0 41 
43200 1 4572 4269 254 0 8 41 
45000 1 4593 4233 297 0 14 47 
46800 1 4638 4288 294 0 18 36 
48600 1 4643 4311 266 0 15 51 
50400 1 4600 4265 293 0 0 39 
52200 1 4545 4210 297 0 8 29 
54000 1 4525 4219 275 0 0 30 
55800 1 4538 4202 300 0 0 33 
57600 1 4579 4243 290 0 4 42 
59400 1 4598 4286 269 0 0 42 
61200 1 4608 4286 274 1 0 46 
63000 1 4624 4318 264 0 0 42 
64800 1 4587 4223 312 1 8 42 
66600 1 4562 4248 277 0 0 36 
68400 1 4542 4197 299 0 5 40 
70200 1 4576 4246 282 0 0 45 
72000 1 4591 4285 272 0 0 32 
73800 1 4571 4254 270 0 0 46 
75600 1 4603 4272 297 0 0 32 
77400 1 4608 4271 304 0 0 32 
79200 1 4581 4288 259 0 0 33 
81000 1 4567 4222 301 0 0 44 
82800 1 4557 4270 255 0 0 31 
84600 1 4566 4221 308 0 0 36 
86400 1 4604 4288 271 0 0 41 
88200 1 4567 4245 273 0 0 48 
90000 1 4600 4243 314 0 0 43 
91800 1 4548 4032 247 0 239 30 
93600 1 4663 4111 246 0 273 33 
95400 1 4717 4205 274 0 204 33 
97200 1 4827 4235 289 0 265 37 
99000 1 4892 4354 240 0 255 42 
100800 1 4968 4384 318 0 217 48 
102600 1 5031 4382 336 0 276 37 
104400 1 5062 4466 320 1 231 42 
106200 1 5129 4572 360 0 150 44 
108000 1 5121 4606 385 0 88 40 
109800 1 5150 4651 358 0 87 52 
111600 1 5181 4636 397 1 105 39 
113400 1 5162 4666 365 1 91 38 
115200 1 5219 4691 390 0 88 48 
117000 1 5215 4734 384 0 47 49 
118800 1 5207 4722 397 1 47 38 
120600 1 5267 4755 430 0 33 46 
122400 1 5227 4765 407 1 16 36 
124200 1 5224 4757 392 3 17 52 
126000 1 5242 4744 417 0 29 49 
127800 1 5268 4740 451 1 33 42 
129600 1 5256 4794 384 5 38 35 
131400 1 5267 4796 422 3 0 43 
133200 1 5265 4813 394 0 10 47 
135000 1 5264 4801 400 2 12 48 
136800 1 5274 4804 406 2 18 42 
138600 1 5258 4769 414 0 31 43 
140400 1 5281 4765 443 2 28 42 
142200 1 5292 4813 406 2 19 49 
144000 1 5293 4833 403 0 8 46 
145800 1 5280 4833 400 0 0 46 
147600 1 5281 4811 412 0 0 56 
149400 1 5261 4771 433 2 9 45 
151200 1 5278 4773 436 3 18 46 
153000 1 5285 4818 415 1 0 49 
154800 1 5322 4851 413 3 0 55 
156600 1 5273 4810 414 1 0 46 
158400 1 5287 4853 391 1 0 41 
160200 1 5308 4828 437 0 0 41 
162000 1 5287 4794 434 4 0 52 
163800 1 5290 4822 414 4 0 46 
165600 1 5273 4803 425 0 0 43 
167400 1 5293 4816 432 0 5 37 
169200 1 5289 4772 461 2 0 51 
171000 1 5291 4820 414 4 0 52 
172800 1 5292 4811 432 4 0 42 
174600 1 5295 4804 445 0 0 42 
176400 1 5282 4807 425 1 0 45 
178200 1 5291 4798 440 2 0 50 
180000 1 5296 4860 395 0 6 35 
181800 1 5294 4831 410 5 0 45 
183600 1 5286 4801 445 4 0 34 
185400 1 5290 4844 397 0 0 44 
187200 1 5287 4855 386 1 0 45 
189000 1 5260 4220 393 1 598 46 
190800 1 5108 4198 288 3 574 42 
192600 1 5034 4219 268 2 495 50 
194400 1 4956 4270 291 0 353 40 
196200 1 4957 4353 326 0 233 44 
198000 1 4924 4458 292 0 138 35 
199800 1 4927 4432 326 0 117 47 
201600 1 4948 4540 335 0 33 38 
203400 1 4922 4534 331 0 24 30 
205200 1 4959 4569 331 2 9 46 
207000 1 4939 4568 327 1 5 38 
208800 1 4944 4564 327 1 7 44 
210600 1 4924 4556 322 0 7 39 
212400 1 4962 4595 331 0 0 36 
214200 1 4916 4552 320 0 1 43 
216000 1 4939 4559 348 3 0 29 
217800 1 4915 4547 331 2 0 34 
219600 1 4971 4565 359 1 0 46 
221400 1 4931 4588 312 0 0 30 
223200 1 4971 4600 329 0 0 39 
225000 1 4885 4227 291 0 328 37 
226800 1 4785 4148 271 0 314 49 
228600 1 4778 4324 328 0 83 43 
230400 1 4752 4380 273 0 46 51 
232200 1 4764 4372 326 1 15 48 
234000 1 4734 4353 322 0 18 41 
235800 1 4751 4430 285 0 0 36 
237600 1 4755 4423 295 1 0 34 
239400 1 4762 4420 305 0 0 35 
241200 1 4769 4419 309 1 0 38 
243000 1 4768 4423 309 0 0 36 
244800 1 4761 4341 320 0 57 42 
246600 1 4746 3995 279 0 425 45 
248400 1 4745 4043 255 0 412 33 
250200 1 4660 4053 292 0 274 41 
252000 1 4653 4090 263 0 259 39 
253800 1 4693 4253 275 0 120 42 
255600 1 4689 4203 277 0 160 48 
257400 1 4649 4305 265 0 45 34 
259200 1 4678 4319 290 0 33 33 
261000 1 4680 4314 287 0 46 33 
262800 1 4684 4317 260 0 73 34 
264600 1 4641 4298 287 0 16 40 
266400 1 4669 4339 279 0 12 38 
268200 1 4668 4309 313 0 9 33 
270000 1 4683 4333 292 0 13 44 
271800 1 4658 4303 305 1 5 43 
273600 1 4668 4313 308 0 5 40 
275400 1 4676 4329 307 0 0 39 
277200 1 4686 4378 276 0 0 32 
279000 1 4657 4305 306 0 6 39 
280800 1 4653 4307 295 0 6 43 
282600 1 4675 4362 275 0 0 37 
284400 1 4657 4311 313 0 0 32 
286200 1 4683 4351 300 0 2 27 
288000 1 4647 4310 288 0 0 48 
289800 1 4694 4354 281 0 0 58 
291600 1 4668 4339 274 0 9 46 
293400 1 4665 4328 298 0 0 39 
295200 1 4670 4327 302 0 0 41 
297000 1 4665 4343 284 0 0 37 
298800 1 4671 4310 321 3 0 37 
300600 1 4688 4335 306 0 0 46 
302400 1 4642 4319 281 0 0 41 
304200 1 4652 4340 270 0 0 42 
306000 1 4648 4067 311 0 235 35 
307800 1 4341 3571 185 0 556 29 
309600 1 3948 3381 133 0 411 23 
311400 1 3720 3398 132 0 162 27 
313200 1 3668 3494 121 0 21 31 
315000 1 3688 3508 118 0 40 22 
316800 1 3660 3512 112 0 5 31 
318600 1 3655 3483 130 0 17 25 
320400 1 3687 3525 130 0 1 30 
322200 1 3682 3534 117 0 0 31 
324000 1 3652 3491 124 0 0 37 
325800 1 3649 3498 122 0 0 29 
327600 1 3687 3543 104 0 0 40 
329400 1 3672 3523 117 0 0 32 
331200 1 3655 3496 99 0 37 23 
333000 1 3684 3360 125 0 170 29 
334800 1 3614 3378 114 0 88 33 
336600 1 3636 3468 111 0 20 37 
338400 1 3569 3428 99 0 11 30 
340200 1 3672 3515 121 0 11 25 
342000 1 3592 3431 135 0 0 26 
343800 1 3661 3503 128 0 3 27 
345600 1 3575 3441 103 0 0 31 
347400 1 3691 3553 105 0 8 24 
349200 1 3592 3456 105 0 0 30 
351000 1 3640 3493 110 0 3 32 
352800 1 3605 3453 117 0 0 32 
354600 1 3661 3528 110 0 0 21 
356400 1 3613 3448 125 0 2 38 
358200 1 3607 3471 112 0 0 23 
360000 1 3641 3494 110 0 0 37 
361800 1 3599 3472 96 0 0 31 
363600 1 3630 3488 110 0 0 32 
365400 1 3624 3487 103 0 0 34 
367200 1 3672 3530 114 0 0 28 
369000 1 3613 3479 112 0 0 22 
370800 1 3618 3477 113 0 0 28 
372600 1 3636 3349 115 0 141 31 
374400 1 3786 3350 110 0 288 37 
376200 1 3833 3451 125 0 236 21 
378000 1 3901 3531 138 0 208 24 
379800 1 3949 3613 131 0 180 23 
381600 1 4031 3727 143 0 126 34 
383400 1 4022 3757 166 0 66 32 
385200 1 4020 3805 146 0 36 33 
387000 1 4053 3849 163 0 12 28 
388800 1 4043 3832 172 0 2 34 
390600 1 4035 3836 173 0 0 24 
392400 1 4011 3817 157 0 0 35 
394200 1 4063 3846 185 0 0 32 
396000 1 4026 3854 151 0 0 21 
397800 1 4045 3838 171 0 0 34 
399600 1 3997 3473 159 0 328 37 
401400 1 3896 3498 146 0 219 33 
403200 1 3834 3607 140 0 63 24 
405000 1 3854 3656 140 0 28 30 
406800 1 3857 3687 124 0 8 36 
408600 1 3906 3722 146 0 6 32 
410400 1 3884 3699 144 0 3 38 
412200 1 3847 3675 135 0 0 36 
414000 1 3903 3746 127 0 0 26 
415800 1 3872 3680 158 0 0 33 
417600 1 3879 3707 144 0 0 27 
419400 1 3847 3517 127 0 173 30 
421200 1 3826 3471 96 0 224 35 
423000 1 3749 3468 119 0 130 31 
424800 1 3752 3567 123 0 28 34 
426600 1 3738 3582 127 0 1 26 
428400 1 3789 3642 108 0 9 30 
430200 1 3714 3586 92 0 7 29 
432000 1 3779 3602 141 0 2 34 
433800 1 3734 3586 116 0 0 31 
435600 1 3782 3618 137 0 0 26 
437400 1 3737 3580 127 0 0 28 
439200 1 3768 3614 128 0 0 26 
441000 1 3734 3588 111 0 3 30 
442800 1 3752 3587 127 0 0 37 
444600 1 3741 3610 112 0 0 19 
446400 1 3763 3588 143 0 0 31 
448200 1 3767 3618 126 0 0 22 
450000 1 3770 3617 119 0 0 33 
451800 1 3722 3528 117 0 37 39 
453600 1 3732 3491 129 0 84 28 
455400 1 3786 3571 123 0 72 20 
457200 1 3752 3566 137 0 28 21 
459000 1 3752 3561 122 0 35 34 
460800 1 3783 3594 140 0 11 37 
462600 1 3801 3617 133 0 14 37 
464400 1 3754 3579 138 0 7 30 
466200 1 3778 3606 143 0 6 23 
468000 1 3784 3627 114 0 4 39 
469800 1 3765 3595 142 0 0 27 
471600 1 3779 3624 134 0 0 19 
473400 1 3758 3601 125 0 2 30 
475200 1 3786 3628 122 0 0 36 
477000 1 3761 3614 118 0 0 29 
478800 1 3774 3646 110 0 0 18 
480600 1 3758 3608 118 0 0 30 
482400 1 3791 3495 122 0 139 35 
484200 1 3736 3449 100 0 156 30 
486000 1 3704 3499 108 0 72 24 
487800 1 3716 3542 121 0 20 33 
489600 1 3722 3575 116 0 3 27 
491400 1 3737 3583 126 0 1 27 
493200 1 3675 3529 114 0 0 31 
495000 1 3723 3552 137 0 8 26 
496800 1 3698 3530 141 0 0 26 
498600 1 3739 3585 120 0 3 29 
500400 1 3687 3543 108 0 0 35 
502200 1 3728 3588 112 0 0 28 
504000 1 3698 3554 116 0 0 27 
505800 1 3728 3567 129 0 0 31 
507600 1 3679 3538 120 0 0 21 
509400 1 3736 3594 113 0 0 27 
511200 1 3594 3103 96 0 371 24 
513000 1 3375 2958 78 0 310 29 
514800 1 3215 3053 69 0 71 20 
516600 1 3264 3147 92 0 8 17 
518400 1 3193 3084 84 0 2 22 
520200 1 3249 3135 82 0 0 30 
522000 1 3213 3119 73 0 0 20 
523800 1 3261 3146 88 0 0 26 
525600 1 3224 3115 85 0 0 24 
527400 1 3264 3147 72 0 11 34 
529200 1 3232 3070 66 0 78 18 
531000 1 3212 3070 86 0 32 24 
532800 1 3193 3060 65 0 38 29 
534600 1 3219 3093 83 0 24 19 
536400 1 3261 3144 92 0 0 24 
538200 1 3210 3097 85 0 4 23 
540000 1 3220 3113 81 0 3 23 
541800 1 3184 3081 79 0 0 23 
543600 1 3255 3151 84 0 1 19 
545400 1 3226 3118 81 0 0 25 
547200 1 3213 3113 88 0 0 12 
549000 1 3201 3100 80 0 0 20 
550800 1 3245 3138 82 0 0 25 
552600 1 3216 3129 74 0 0 13 
554400 1 3205 3091 87 0 0 27 
556200 1 3224 3117 78 0 0 29 
558000 1 3250 3149 77 0 0 23 
