0 0 0
1800 6003 5176
3600 5997 5143
5400 6025 5210
7200 6002 5189
9000 6005 5228
10800 5987 5225
12600 6025 5233
14400 6022 5154
16200 5873 4398
18000 5417 4200
19800 5012 4075
21600 4656 3975
23400 4500 4158
25200 4486 4212
27000 4505 4195
28800 4529 4208
30600 4579 4258
32400 4611 4337
34200 4588 4267
36000 4542 4236
37800 4515 4221
39600 4482 4176
41400 4486 4166
43200 4547 4248
45000 4574 4239
46800 4598 4263
48600 4580 4244
50400 4543 4245
52200 4509 4180
54000 4505 4216
55800 4517 4208
57600 4551 4235
59400 4552 4259
61200 4610 4324
63000 4567 4270
64800 4524 4231
66600 4520 4208
68400 4500 4198
70200 4545 4232
72000 4558 4241
73800 4563 4239
75600 4568 4284
77400 4545 4253
79200 4532 4256
81000 4512 4225
82800 4533 4221
84600 4536 4245
86400 4561 4236
88200 4549 4249
90000 4571 4233
91800 4346 3515
93600 3894 3356
95400 3693 3338
97200 3591 3411
99000 3629 3472
100800 3590 3417
102600 3600 3443
104400 3592 3428
106200 3613 3467
108000 3604 3467
109800 3581 3443
111600 3629 3477
113400 3606 3473
115200 3596 3470
117000 3595 3463
118800 3582 3453
120600 3597 3324
122400 3570 3254
124200 3606 3279
126000 3595 3258
127800 3603 3301
129600 3550 3277
131400 3549 3355
133200 3500 3343
135000 3551 3314
136800 3534 3348
138600 3538 3353
140400 3566 3369
142200 3505 3343
144000 3552 3426
145800 3491 3360
147600 3539 3415
149400 3530 3385
151200 3624 3453
153000 3603 3453
154800 3622 3465
156600 3541 3396
158400 3534 3386
160200 3519 3363
162000 3534 3394
163800 3536 3408
165600 3564 3428
167400 3525 3393
169200 3562 3415
171000 3497 3355
172800 3530 3388
174600 3494 3362
176400 3560 3432
178200 3550 3407
180000 3614 3456
181800 3597 3456
183600 3602 3460
185400 3539 3421
187200 3538 3413
189000 3526 3390
190800 3507 3383
192600 3563 3430
194400 3546 3407
196200 3550 3420
198000 3512 3371
199800 3568 3404
201600 3507 3384
203400 3536 3396
205200 3543 3393
207000 3560 3439
208800 3592 3439
210600 3609 3457
212400 3549 3400
214200 3564 3419
216000 3532 3379
217800 3534 3384
219600 3524 3375
221400 3536 3393
223200 3530 3397
225000 3568 3414
226800 3510 3373
228600 3578 3448
230400 3508 3385
232200 3569 3451
234000 3546 3424
235800 3562 3415
237600 3552 3426
239400 3570 3442
241200 3588 3442
243000 3542 3400
244800 3552 3409
246600 3528 3380
248400 3531 3401
250200 3531 3383
252000 3522 3375
253800 3553 3395
255600 3526 3404
257400 3561 3450
259200 3569 3419
261000 3575 3443
262800 3563 3434
264600 3543 3400
266400 3556 3420
268200 3526 3381
270000 3574 3421
271800 3531 3405
273600 3585 3435
275400 3501 3389
277200 3583 3437
279000 3498 3242
280800 3331 2931
282600 3127 2926
284400 3122 3001
286200 3131 3040
288000 3140 3053
289800 3165 3064
291600 3138 3033
293400 3131 3028
295200 3111 3019
297000 3101 3000
298800 3151 3035
300600 3143 3059
302400 3161 3007
304200 3106 2943
306000 3095 2981
307800 3061 2958
309600 3105 2987
311400 3092 2959
313200 3161 2957
315000 3124 2935
316800 3173 2946
318600 3151 2969
320400 3103 2960
322200 3142 2996
324000 3083 2947
325800 3155 3028
327600 3171 2975
329400 3227 3013
331200 3157 2972
333000 3157 3050
334800 3116 3006
336600 3115 3005
338400 3104 3005
340200 3155 3053
342000 3199 3057
343800 3195 3072
345600 3161 3034
347400 3181 3083
349200 3108 3000
351000 3154 3043
352800 3117 3025
354600 3157 3062
356400 3146 3021
358200 3249 3147
360000 3144 3009
361800 3176 3073
363600 3127 3035
365400 3118 3022
367200 3142 3042
369000 3150 3051
370800 3159 3074
372600 3186 3084
374400 3181 3090
376200 3139 3030
378000 3180 3092
379800 3126 3034
381600 3154 3066
383400 3138 3032
385200 3162 3078
387000 3172 3088
388800 3156 3046
390600 3169 3058
392400 3174 3063
394200 3137 3046
396000 3169 3090
397800 3129 3044
399600 3152 3026
401400 3146 3031
403200 3191 3089
405000 3124 3006
406800 3217 3102
408600 3146 3042
410400 3194 3078
412200 3138 3037
414000 3133 3014
415800 3127 3025
417600 3171 3050
419400 3182 3089
421200 3178 3067
423000 3211 3086
424800 3181 3101
426600 3162 3045
428400 3164 3063
430200 3110 3022
432000 3184 3078
433800 3189 3085
435600 3208 3088
437400 3182 3081
439200 3190 3083
441000 3136 3027
442800 3136 3036
444600 3137 3044
446400 3191 3082
448200 3203 3115
450000 3181 3068
451800 3221 3121
453600 3153 2865
455400 3310 3032
457200 3294 3118
459000 3371 3243
460800 3384 3276
462600 3438 3316
464400 3369 3270
466200 3401 3290
468000 3347 3217
469800 3363 3212
471600 3354 3215
473400 3348 3224
475200 3353 3235
477000 3417 3301
478800 3391 3278
480600 3384 3269
482400 3360 3239
484200 3336 3219
486000 3315 3190
487800 3375 3235
489600 3357 3233
491400 3435 3326
493200 3396 3286
495000 3374 3240
496800 3353 3234
498600 3340 3231
500400 3354 3245
502200 3334 3217
504000 3401 3270
505800 3400 3289
507600 3419 3300
509400 3355 3243
511200 3357 3243
513000 3345 3253
514800 3343 3224
516600 3348 3245
518400 3355 3248
520200 3433 3301
522000 3392 3283
523800 3353 3235
525600 3374 3260
527400 3342 3211
529200 3368 3258
531000 3346 3224
532800 3384 3275
534600 3340 3212
536400 3435 3317
538200 3321 3213
540000 3407 3290
541800 3335 3209
543600 3381 3270
545400 3353 3225
547200 3370 3272
549000 3335 3231
550800 3401 3281
552600 3381 3268
554400 3359 3244
556200 3409 3291
558000 3348 3249
559800 3387 3283
561600 3333 3226
563400 3345 3220
565200 3386 3263
567000 3376 3272
568800 3385 3279
570600 3384 3292
572400 3378 3264
574200 3369 3249
576000 3330 3199
577800 3335 3213
579600 3363 3252
581400 3407 3283
583200 3369 3257
585000 3412 3303
586800 3344 3248
588600 3383 3288
590400 3323 3192
592200 3360 3259
594000 3330 3239
595800 3404 3299
597600 3391 3278
599400 3392 3283
601200 3385 3267
603000 3351 3256
