0 1 0 0 0 0 0 0 
1800 1 6003 5176 762 13 0 51 
3600 1 5997 5143 788 14 0 51 
5400 1 6025 5210 750 12 0 52 
7200 1 6002 5189 739 15 0 56 
9000 1 6005 5228 706 19 0 50 
10800 1 5987 5225 695 10 0 55 
12600 1 6025 5233 728 10 0 52 
14400 1 6022 5154 788 21 0 57 
16200 1 5873 4398 523 11 887 49 
18000 1 5417 4200 383 2 794 36 
19800 1 5012 4075 296 0 616 25 
21600 1 4656 3975 263 0 381 35 
23400 1 4500 4158 259 0 44 37 
25200 1 4486 4212 238 0 0 34 
27000 1 4505 4195 272 0 0 35 
28800 1 4529 4208 287 0 0 34 
30600 1 4579 4258 273 0 12 36 
32400 1 4611 4337 229 0 4 37 
34200 1 4588 4267 285 0 0 35 
36000 1 4542 4236 272 0 0 34 
37800 1 4515 4221 253 0 6 35 
39600 1 4482 4176 267 0 0 36 
41400 1 4486 4166 296 0 0 23 
43200 1 4547 4248 249 0 18 31 
45000 1 4574 4239 274 0 13 46 
46800 1 4598 4263 287 0 20 27 
48600 1 4580 4244 268 0 15 52 
50400 1 4543 4245 265 0 6 27 
52200 1 4509 4180 277 0 12 39 
54000 1 4505 4216 248 0 0 40 
55800 1 4517 4208 258 0 0 49 
57600 1 4551 4235 277 0 0 37 
59400 1 4552 4259 258 0 0 35 
61200 1 4610 4324 246 0 5 33 
63000 1 4567 4270 264 0 0 30 
64800 1 4524 4231 246 0 0 46 
66600 1 4520 4208 272 0 4 35 
68400 1 4500 4198 268 0 0 31 
70200 1 4545 4232 266 0 0 43 
72000 1 4558 4241 269 0 0 47 
73800 1 4563 4239 285 1 0 37 
75600 1 4568 4284 248 0 0 36 
77400 1 4545 4253 252 0 0 39 
79200 1 4532 4256 247 0 0 27 
81000 1 4512 4225 246 0 0 38 
82800 1 4533 4221 269 0 0 42 
84600 1 4536 4245 255 0 0 35 
86400 1 4561 4236 278 0 0 46 
88200 1 4549 4249 261 0 0 38 
90000 1 4571 4233 240 0 65 33 
91800 1 4346 3515 187 0 613 27 
93600 1 3894 3356 128 0 383 27 
95400 1 3693 3338 106 0 218 31 
97200 1 3591 3411 134 0 19 26 
99000 1 3629 3472 108 0 30 19 
100800 1 3590 3417 106 0 27 40 
102600 1 3600 3443 103 0 22 32 
104400 1 3592 3428 117 0 6 37 
106200 1 3613 3467 118 0 0 28 
108000 1 3604 3467 106 0 0 29 
109800 1 3581 3443 110 0 1 27 
111600 1 3629 3477 127 0 0 25 
113400 1 3606 3473 111 0 0 22 
115200 1 3596 3470 86 0 0 39 
117000 1 3595 3463 101 0 0 30 
118800 1 3582 3453 105 0 0 23 
120600 1 3597 3324 91 0 150 32 
122400 1 3570 3254 105 0 178 33 
124200 1 3606 3279 96 0 192 39 
126000 1 3595 3258 100 0 209 28 
127800 1 3603 3301 118 0 156 27 
129600 1 3550 3277 100 0 147 25 
131400 1 3549 3355 109 0 49 36 
133200 1 3500 3343 104 0 31 22 
135000 1 3551 3314 117 0 93 27 
136800 1 3534 3348 107 0 39 40 
138600 1 3538 3353 94 0 61 29 
140400 1 3566 3369 97 0 73 26 
142200 1 3505 3343 110 0 26 26 
144000 1 3552 3426 99 0 0 27 
145800 1 3491 3360 105 0 3 22 
147600 1 3539 3415 97 0 4 21 
149400 1 3530 3385 115 0 8 20 
151200 1 3624 3453 135 0 12 24 
153000 1 3603 3453 113 0 0 36 
154800 1 3622 3465 112 0 8 35 
156600 1 3541 3396 99 0 10 36 
158400 1 3534 3386 122 0 0 26 
160200 1 3519 3363 123 0 0 32 
162000 1 3534 3394 108 0 0 31 
163800 1 3536 3408 98 0 0 29 
165600 1 3564 3428 107 0 3 26 
167400 1 3525 3393 103 0 3 25 
169200 1 3562 3415 116 0 0 30 
171000 1 3497 3355 114 0 0 27 
172800 1 3530 3388 109 0 0 33 
174600 1 3494 3362 94 0 0 38 
176400 1 3560 3432 108 0 2 18 
178200 1 3550 3407 116 0 5 22 
180000 1 3614 3456 114 0 9 33 
181800 1 3597 3456 102 0 7 31 
183600 1 3602 3460 111 0 4 27 
185400 1 3539 3421 84 0 4 29 
187200 1 3538 3413 99 0 0 25 
189000 1 3526 3390 115 0 0 21 
190800 1 3507 3383 93 0 7 23 
192600 1 3563 3430 97 0 10 26 
194400 1 3546 3407 110 0 0 29 
196200 1 3550 3420 102 0 0 28 
198000 1 3512 3371 109 0 8 23 
199800 1 3568 3404 130 0 4 30 
201600 1 3507 3384 99 0 0 22 
203400 1 3536 3396 120 0 0 20 
205200 1 3543 3393 115 0 0 33 
207000 1 3560 3439 104 0 0 16 
208800 1 3592 3439 125 0 2 26 
210600 1 3609 3457 121 0 5 26 
212400 1 3549 3400 124 0 0 25 
214200 1 3564 3419 113 0 0 32 
216000 1 3532 3379 119 0 0 34 
217800 1 3534 3384 124 0 0 26 
219600 1 3524 3375 111 0 0 38 
221400 1 3536 3393 121 0 0 22 
223200 1 3530 3397 103 0 3 26 
225000 1 3568 3414 128 0 0 26 
226800 1 3510 3373 97 0 0 40 
228600 1 3578 3448 103 0 0 27 
230400 1 3508 3385 103 0 0 20 
232200 1 3569 3451 89 0 0 27 
234000 1 3546 3424 96 0 0 26 
235800 1 3562 3415 115 0 5 27 
237600 1 3552 3426 108 0 0 18 
239400 1 3570 3442 110 0 0 18 
241200 1 3588 3442 110 0 0 36 
243000 1 3542 3400 109 0 0 33 
244800 1 3552 3409 115 0 1 27 
246600 1 3528 3380 115 0 0 33 
248400 1 3531 3401 103 0 0 26 
250200 1 3531 3383 116 0 0 32 
252000 1 3522 3375 117 0 0 29 
253800 1 3553 3395 136 0 0 21 
255600 1 3526 3404 92 0 0 29 
257400 1 3561 3450 93 0 0 17 
259200 1 3569 3419 121 0 0 27 
261000 1 3575 3443 108 0 0 23 
262800 1 3563 3434 109 0 0 19 
264600 1 3543 3400 119 0 0 24 
266400 1 3556 3420 108 0 0 28 
268200 1 3526 3381 112 0 0 32 
270000 1 3574 3421 123 0 0 30 
271800 1 3531 3405 98 0 0 26 
273600 1 3585 3435 117 0 0 33 
275400 1 3501 3389 88 0 0 24 
277200 1 3583 3437 120 0 0 26 
279000 1 3498 3242 100 0 125 31 
280800 1 3331 2931 72 0 296 32 
282600 1 3127 2926 67 0 113 21 
284400 1 3122 3001 76 0 18 25 
286200 1 3131 3040 60 0 8 23 
288000 1 3140 3053 66 0 2 19 
289800 1 3165 3064 70 0 5 26 
291600 1 3138 3033 75 0 0 30 
293400 1 3131 3028 79 0 2 22 
295200 1 3111 3019 74 0 0 18 
297000 1 3101 3000 72 0 0 29 
298800 1 3151 3035 89 0 0 27 
300600 1 3143 3059 65 0 0 19 
302400 1 3161 3007 77 0 47 29 
304200 1 3106 2943 76 0 57 30 
306000 1 3095 2981 66 0 20 28 
307800 1 3061 2958 82 0 7 14 
309600 1 3105 2987 68 0 20 30 
311400 1 3092 2959 65 0 39 28 
313200 1 3161 2957 67 0 111 26 
315000 1 3124 2935 73 0 100 16 
316800 1 3173 2946 91 0 110 26 
318600 1 3151 2969 72 0 91 19 
320400 1 3103 2960 64 0 50 29 
322200 1 3142 2996 83 0 33 30 
324000 1 3083 2947 73 0 36 26 
325800 1 3155 3028 68 0 38 21 
327600 1 3171 2975 71 0 103 22 
329400 1 3227 3013 81 0 106 27 
331200 1 3157 2972 73 0 84 28 
333000 1 3157 3050 74 0 8 25 
334800 1 3116 3006 77 0 10 22 
336600 1 3115 3005 74 0 11 23 
338400 1 3104 3005 73 0 3 22 
340200 1 3155 3053 73 0 6 22 
342000 1 3199 3057 73 0 40 29 
343800 1 3195 3072 82 0 15 26 
345600 1 3161 3034 81 0 19 27 
347400 1 3181 3083 61 0 15 22 
349200 1 3108 3000 76 0 10 22 
351000 1 3154 3043 88 0 0 22 
352800 1 3117 3025 62 0 2 28 
354600 1 3157 3062 69 0 1 25 
356400 1 3146 3021 78 0 20 26 
358200 1 3249 3147 72 0 10 20 
360000 1 3144 3009 72 0 32 31 
361800 1 3176 3073 84 0 4 14 
363600 1 3127 3035 69 0 0 23 
365400 1 3118 3022 75 0 1 19 
367200 1 3142 3042 74 0 0 26 
369000 1 3150 3051 79 0 0 20 
370800 1 3159 3074 65 0 2 18 
372600 1 3186 3084 65 0 13 24 
374400 1 3181 3090 68 0 3 20 
376200 1 3139 3030 69 0 6 34 
378000 1 3180 3092 69 0 0 19 
379800 1 3126 3034 65 0 0 26 
381600 1 3154 3066 71 0 1 16 
383400 1 3138 3032 81 0 0 25 
385200 1 3162 3078 69 0 0 15 
387000 1 3172 3088 67 0 0 17 
388800 1 3156 3046 93 0 0 16 
390600 1 3169 3058 83 0 0 26 
392400 1 3174 3063 89 0 0 21 
394200 1 3137 3046 77 0 0 13 
396000 1 3169 3090 64 0 0 15 
397800 1 3129 3044 68 0 0 17 
399600 1 3152 3026 95 0 0 30 
401400 1 3146 3031 86 0 0 29 
403200 1 3191 3089 66 0 11 25 
405000 1 3124 3006 59 0 30 29 
406800 1 3217 3102 77 0 15 23 
408600 1 3146 3042 60 0 25 19 
410400 1 3194 3078 83 0 15 18 
412200 1 3138 3037 71 0 6 24 
414000 1 3133 3014 78 0 12 29 
415800 1 3127 3025 73 0 7 21 
417600 1 3171 3050 87 0 5 29 
419400 1 3182 3089 62 0 11 20 
421200 1 3178 3067 79 0 7 25 
423000 1 3211 3086 95 0 1 28 
424800 1 3181 3101 58 0 0 22 
426600 1 3162 3045 84 0 0 32 
428400 1 3164 3063 80 0 0 20 
430200 1 3110 3022 68 0 0 20 
432000 1 3184 3078 83 0 0 23 
433800 1 3189 3085 80 0 0 24 
435600 1 3208 3088 96 0 0 23 
437400 1 3182 3081 72 0 0 29 
439200 1 3190 3083 84 0 2 21 
441000 1 3136 3027 84 0 0 25 
442800 1 3136 3036 73 0 0 27 
444600 1 3137 3044 67 0 0 26 
446400 1 3191 3082 81 0 0 28 
448200 1 3203 3115 63 0 0 25 
450000 1 3181 3068 94 0 0 17 
451800 1 3221 3121 79 0 0 21 
453600 1 3153 2865 64 0 196 28 
455400 1 3310 3032 82 0 173 21 
457200 1 3294 3118 78 0 73 24 
459000 1 3371 3243 91 0 10 26 
460800 1 3384 3276 83 0 0 25 
462600 1 3438 3316 98 0 0 24 
464400 1 3369 3270 81 0 0 18 
466200 1 3401 3290 89 0 0 22 
468000 1 3347 3217 95 0 12 22 
469800 1 3363 3212 92 0 25 34 
471600 1 3354 3215 87 0 26 23 
473400 1 3348 3224 87 0 16 20 
475200 1 3353 3235 81 0 9 27 
477000 1 3417 3301 101 0 0 15 
478800 1 3391 3278 95 0 0 17 
480600 1 3384 3269 84 0 5 26 
482400 1 3360 3239 84 0 0 37 
484200 1 3336 3219 81 0 0 36 
486000 1 3315 3190 95 0 0 30 
487800 1 3375 3235 105 0 3 31 
489600 1 3357 3233 103 0 0 20 
491400 1 3435 3326 79 0 0 29 
493200 1 3396 3286 81 0 0 28 
495000 1 3374 3240 103 0 0 31 
496800 1 3353 3234 91 0 0 28 
498600 1 3340 3231 84 0 0 24 
500400 1 3354 3245 81 0 0 28 
502200 1 3334 3217 94 0 0 23 
504000 1 3401 3270 93 0 0 37 
505800 1 3400 3289 91 0 2 17 
507600 1 3419 3300 98 0 0 19 
509400 1 3355 3243 86 0 0 25 
511200 1 3357 3243 85 0 0 29 
513000 1 3345 3253 72 0 0 20 
514800 1 3343 3224 85 0 0 34 
516600 1 3348 3245 82 0 0 21 
518400 1 3355 3248 83 0 0 23 
520200 1 3433 3301 100 0 0 32 
522000 1 3392 3283 86 0 0 23 
523800 1 3353 3235 84 0 0 32 
525600 1 3374 3260 91 0 0 21 
527400 1 3342 3211 101 0 0 30 
529200 1 3368 3258 76 0 0 33 
531000 1 3346 3224 96 0 0 26 
532800 1 3384 3275 83 0 0 26 
534600 1 3340 3212 97 0 0 30 
536400 1 3435 3317 82 0 0 35 
538200 1 3321 3213 79 0 0 27 
540000 1 3407 3290 91 0 0 25 
541800 1 3335 3209 94 0 0 29 
543600 1 3381 3270 84 0 0 26 
545400 1 3353 3225 101 0 0 27 
547200 1 3370 3272 74 0 0 24 
549000 1 3335 3231 79 0 0 25 
550800 1 3401 3281 88 0 0 32 
552600 1 3381 3268 93 0 0 19 
554400 1 3359 3244 82 0 0 33 
556200 1 3409 3291 95 0 0 23 
558000 1 3348 3249 77 0 0 21 
559800 1 3387 3283 83 0 0 20 
561600 1 3333 3226 85 0 0 21 
563400 1 3345 3220 99 0 0 26 
565200 1 3386 3263 94 0 0 29 
567000 1 3376 3272 78 0 0 25 
568800 1 3385 3279 81 0 0 25 
570600 1 3384 3292 71 0 0 21 
572400 1 3378 3264 90 0 0 24 
574200 1 3369 3249 93 0 0 27 
576000 1 3330 3199 96 0 0 34 
577800 1 3335 3213 91 0 0 28 
579600 1 3363 3252 79 0 0 31 
581400 1 3407 3283 97 0 0 27 
583200 1 3369 3257 94 0 0 18 
585000 1 3412 3303 83 0 0 26 
586800 1 3344 3248 75 0 0 21 
588600 1 3383 3288 74 0 0 20 
590400 1 3323 3192 107 0 0 23 
592200 1 3360 3259 90 0 0 11 
594000 1 3330 3239 64 0 0 27 
595800 1 3404 3299 76 0 0 28 
597600 1 3391 3278 85 0 0 26 
599400 1 3392 3283 91 0 0 18 
601200 1 3385 3267 86 0 0 32 
603000 1 3351 3256 78 0 0 17 
